0010001100010001100101011011100111001101000001011000100000010110100010011100110000011010011010101010100111010100000111011110010101110101101110100100111010110000101011010001010101111010010010001000000100000100100001010111000010001111001111000101100001100100
0011111100111000000000001100101000000010000011000101001000000001001001100000011101010101101001001001011110100100010000000100001010000001101001011100110001001100101010100110000000101101001001010100110100101100101100100010001011000111111110111110110100110001
0100001001000010001000101010110011001111010100011000010011101011100010101001101110111011011110011100000100101000100011111000010010011100001101101010011010000011011110000001111000101010010010110101001111000101110000100111000100101111110111000001100000011110
1111001001110010001000001111101011001101000101011000000010001010110010001010011111111100001011010000001110100101100001101011000110010111001100110000101010000001100011100011001111001010100000000000001101001101110010000001000100101011110010000011001111110110
0001001001101000001000001000010010010010010001100010011011001010000000000000010011110001101000000100000100001111100011110010000000101100011000011010000011111100010110000101001011111110101000010000011011001111110010001000011100100011110010010001110011011001
0000101000100001010001011011110001110000010010011001001010110010011000000110101000110100011000000001000111010010100100100000100111100000011100100000000100000111000011000111110000011100100100001000100101010111010000110011010000000111001001000000000011001010
1110001000101000010010011111000001101111001010100110000011100101010100100011001101100100101011010011000000010011000101100000010000010010000100100001001010001111000011000101101010010100110000101001101000111011010101100001111001100100010000010000000001101000
1100100000100101011010010111011011100011101110100000101011100001010001000011001000101001101001000010011011100011000001000001000011110011010100101000000100100111100011000001101010110000101001101000101001010011000010000001111100000100010010001000011001101010
0000010111000101010111110100010100010010111110010001011111000000000100010100100111100110000010110110010011001000000011100011100101001101110100010011100000011000111101011000000101010111100111011010100000010010010010111001000100000010100001011000000010001010
1001001010001010101000111000101000100010000101010111010111000100100001011000101100010010110100101110110110001000100011010110011100001000101011001011100001011000110000011000000000001000001001010000010010001100010110101110000100101011100100111000100001011100
0001000010001100111101111100000110011010010100100111010101000100000101110000000100000010111111001110100000001000001001011110001100111100100011011001111001010101110100000001000100010100001111010110010010001000011011111110000000010010110111111001110000111101
0110001010001100101110000000110110010100000100101101101101100011000100001001110000110011000110101010110110100111011011000100000010001101001011000001111001001000101100110001000001011000011101010110110110100111000000000110101001111011000000111100100010011000
0100101001110100101101011001100111001000010100101011001100110011110001000110000000010010011110110010110101011000001100001001000110110100011001011000011001010000011100111010001000011000011101100010010110000100000011010000000001011111000101000000000111000110
0000001110100110001100101001101011111100011100101001101100110111101011000000011010110010011111110111110101001100010000011011001010010111101010000001001011101010011100001000001000001010000011000111011100000110100000001000110000010111010110100000001001000000
1010101000000011100101001011101101110101010000011100000000010100001000011001100010011000111101001101000101110011100100010001010100100100000111100000011100101111000000000101110000101000010001000000000101110101010011011111000011000111101111000101001000110110
0011001010000111000101001100111100010101010101011000000100010110000010000011000110011000101101000110000110011011101110100001100100100100011100000101001001100010001100000000010101101001101011010000000101000101010000011110000000000011100011010011110110000101
1010001001010011100100101011101010101001001010101010101111111010100000000001000000011010111100000010110100010010110000111101010001110010001010011001011001110100000100001100010000001000010111111000011101000101110111000100010011011101011110100101001001010100
0101010100111110000010100100000000100100101001100010100010101110010111101010101111100111110001101000001010111100010010110010001000110000000010000101100000110010001010111110100011100010000000001111001001000011101001100010010011101010010110100110000000000001
0111100111111110011011010001001110001000100101000001110101011001000100011000001010000000000000100000111011110101011111001000000010101010110000001100110001000111001000011001110001110011011001001010101110000000001000001000111011110100010011000100000000100010
