000000000000000001110000000000000000000100000000000000000011000000000000000001110000000000000001111100000000000000000011000000000000000000011111111111111111111100000000000000000001000000000000000000010000000000000000000100000000000000000001000000000000000000010000000000000000011100000000000000000011001111111111111111110001111111111111111100011111111111111111
000000000000001111110000000000000000000100000000000000000001000000000000000000010000000000000001111100000000000000000001000000000000000000011111111111111111111100000000000000000001000000000000000000110000000000000000000100000000000000000001000000000000000001111111111111111111111100000000111111111111000000001111111111110000000000000000001100000000000000000001
000000001111111111110000001111111111111100000000111111111111000000001111111111111111111111111111111100000011111111111111000000001111111111110000000000111111111100000000001111111111000001111111111111110000000000111111111100000000011111111111000000011111111111110000000000001111111100000000001111111111000000111111111111110000000000001111111100000000001111111111
000000001111111111111111111111111111111100111111111111111111111111111111111111111111111111111111111100000011111111111111000111111111111111110000000000000000001100001111111111111111111111111111111111110001111111111111111100011111111111111111011111111111111111110000000111111111111100000000000000000001000000000000000011110000000000000011111100000000000001111111
000000000000001111110000000000000000000100000000000000000001000000000000000000110000000000000011111100000000000000000001000000000000000000011111111111111111111100000000000000000001000000000000000000010000000000000000000100000000000000000001000000000000000001110000000111111111111111111111111111111111000000000000000011110000000000000000011100000000000000001111
000000000000000011110000000000000001111100000000000000000111000000000000000111110000000000000111111100000000000000011111000000000000000000010111111111111111111100000000000000000001000000000000001111110000000000000000001100000000000000000001000000000000000011110000000000000000000100000000111111111111000000000011111111111111111111111111111111111111111111111111
000000000000000000010000000000000000001100000000000000000001000000000000000000010000000000000000011100000000000000000011000000000000000000010111111111111111111100000000000000000011000000000000000000010000000000000000000100000000000000000001000000000000000000110011111111111111111100000001111111111111000000000000000111110000000000000000000100000000000000000011
000001111111111111110000000000001111111100000011111111111111000001111111111111110000000011111111111100000000000111111111000000111111111111110000000000000011111100000011111111111111000000000001111111110000011111111111111100000011111111111111000000000001111111110000000000000011111100000000001111111111000000001111111111110000000111111111111100000001111111111111
000000000000000001110000000000000111111100000000000000000011000000000000000000110000000000000000011100000000000000011111000000000000001111110000011111111111111100000000000000011111000000000011111111110000000000000001111100000000000000111111000000000011111111110111111111111111111100000000000000000011000000000000001111110000000000000000000100000000000000000001
011111111111111111110011111111111111111100000111111111111111000111111111111111110000000001111111111101111111111111111111001111111111111111110000000000000000001100001111111111111111011111111111111111110000111111111111111100111111111111111111001111111111111111110000000000011111111100000000000000001111000011111111111111110000000000001111111100000000111111111111
001111111111111111110000000011111111111100001111111111111111000001111111111111110000000000111111111100000000111111111111000001111111111111110000000000000011111100000011111111111111000000001111111111110000001111111111111100000111111111111111000000000000111111110000000000000000011100000000000111111111000000000000111111110000111111111111111100001111111111111111
000000111111111111110000000111111111111100000000011111111111000000011111111111110000000111111111111100000000000111111111000000011111111111110000000000001111111100000000001111111111000000001111111111110000000111111111111100000001111111111111000000001111111111110000000000001111111100001111111111111111000000000000000000110000001111111111111100000000111111111111
000000111111111111110000000011111111111100001111111111111111001111111111111111110000111111111111111100000000000111111111000001111111111111110000000000000011111100000011111111111111000000011111111111110000001111111111111100000111111111111111000000000001111111110000000000000000011100000000000000000011111111111111111111110000000111111111111100000011111111111111
000000000000111111110000000011111111111100000000000001111111000000000000000011110000000000000011111100011111111111111111000000001111111111110000000000111111111100000000001111111111000001111111111111110000000000000111111100000000011111111111000000011111111111110000111111111111111100000000000000000001000000000000111111110000000000000000011100000000000001111111
011111111111111111110011111111111111111100000111111111111111001111111111111111110000111111111111111100011111111111111111001111111111111111110000000000000000001100001111111111111111001111111111111111110000111111111111111100111111111111111111001111111111111111110000000000011111111101111111111111111111000000000000000000010000000000011111111100000000001111111111
001111111111111111110111111111111111111100000111111111111111000000011111111111110000000000000000111100000000111111111111011111111111111111110000000000000000000101111111111111111111111111111111111111110111111111111111111101111111111111111111001111111111111111110000000111111111111100000000000001111111000000000000000111110000000000001111111100000000000001111111
111111111111111111110000000011111111111100001111111111111111000011111111111111110000000000111111111100000000111111111111000001111111111111110000000000000011111100000011111111111111000000001111111111110000011111111111111100000111111111111111000000000000011111110000000000000000011100001111111111111111000000000000001111110000111111111111111100011111111111111111
001111111111111111110000011111111111111101111111111111111111000001111111111111110000000000000001111100011111111111111111001111111111111111110000000000000000001100001111111111111111000011111111111111110001111111111111111100011111111111111111000000000011111111110000000000000000111100000000000000000001111111111111111111110000001111111111111101111111111111111111
000000011111111111110000000000000001111100000000001111111111000000000111111111110000000000000011111100000000000000011111000000011111111111110000000000001111111100000001111111111111000000000000001111110000000111111111111100000001111111111111000000000000011111110000000000000011111100000000000000111111011111111111111111110000000111111111111100000011111111111111
000011111111111111110000001111111111111100000000111111111111000001111111111111110000000000011111111100011111111111111111000000011111111111110000000000001111111100000001111111111111000000011111111111110000000111111111111100000001111111111111000000111111111111110000000000000000000100000000000111111111000111111111111111110011111111111111111111111111111111111111
000000000000001111110000000000000001111100000000000000000011000000000000000011110000000000000000111100000000000000000011000000000000000000011111111111111111111100000000000000000001000000000000000111110000000000000000000100000000000000000001000000000000001111110000000000000000011100001111111111111111000000000000011111110000011111111111111100000001111111111111
000000000000000000010000000000000000011100000000000000000011000000000000000000010000000000000000000100000000000000000011000000000000000011110000111111111111111100000000000000011111000000000000000001110000000000000000111100000000000000001111000000000000000111110000111111111111111100000000000000001111000000000000000011110000000000000000001100000000000000000111
000000000000000001110000000000001111111100000000000000000011000000000000000001110000000000000000111100000000000111111111000000000000011111110000011111111111111100000000000000011111000000000001111111110000000000000011111100000000000000111111000000000011111111110011111111111111111100000111111111111111000000001111111111110000000000000000001100000000000000000011
111111111111111111111111111111111111111111111111111111111111000001111111111111110000000000000000111100000000000000000011111111111111111111110000000000000000000111111111111111111111111111111111111111111111111111111111111111111111111111111111111111111111111111110111111111111111111100001111111111111111000011111111111111110000000000000000011100000000000000000001
000000000000000000010000000000001111111100000000000000001111000000000000000111110000000001111111111100000000000000011111000000000000001111110000011111111111111100000000000000011111000000000001111111110000000000001111111100000000000000111111000000000001111111110111111111111111111100000000000000000011000000001111111111110000000000000000001100000000000000000011
000000011111111111110000000000000011111100000000000111111111000000001111111111110000000111111111111100000000000000000001000000011111111111110000000000000111111100000001111111111111000000000000000011110000001111111111111100000011111111111111000000000000000111110000000111111111111100000000000000000001000000000000000011110001111111111111111100000000111111111111
000000000000001111110000000000000000000100000000000000001111000000000000000111110000000000000111111100000000000111111111000000000000000011110000111111111111111100000000000000000011000000000000000001110000000000000001111100000000000000001111000000000000000000110000000011111111111100000000111111111111000000000000000000010000000001111111111100000000000111111111
000000000000000000110000000000111111111100000000000000011111000000000011111111110011111111111111111100000000000000000001000000000000000111110000011111111111111100000000000000000011000000000000111111110000000000000001111100000000000000011111000000000001111111110000000000000111111100000000111111111111000000000000001111110000000000011111111100000000000001111111
000000000111111111110000000011111111111100000011111111111111000000001111111111110111111111111111111101111111111111111111000000000011111111110000000000111111111100000000001111111111000000111111111111110000000000001111111100000000001111111111000001111111111111110000000000000111111101111111111111111111000011111111111111110000000011111111111100000011111111111111
000000000000000001110000000000000000111100000000000000000001000000000000000001110000000000000000111100000000000000000011000000000000000000011111111111111111111100000000000000000001000000000000000111110000000000000000000100000000000000000001000000000000000111110000000000000000001111111111111111111111000000000000001111110011111111111111111100001111111111111111
000111111111111111110001111111111111111100001111111111111111000001111111111111110000000000000111111100000000111111111111000001111111111111110000000000000001111100000111111111111111000001111111111111110000111111111111111100000111111111111111111111111111111111110000000000001111111100001111111111111111000000000001111111110000000111111111111100000000111111111111
000111111111111111110011111111111111111100001111111111111111000000000011111111110000000000000000000100000011111111111111000111111111111111110000000000000000001100001111111111111111011111111111111111110000111111111111111100011111111111111111000011111111111111110000111111111111111100011111111111111111011111111111111111110000000000001111111100000000000011111111
000000011111111111110011111111111111111100111111111111111111000000001111111111110000000000000011111100000011111111111111001111111111111111110000000000000000001100001111111111111111111111111111111111110000111111111111111100111111111111111111011111111111111111110000011111111111111100111111111111111111001111111111111111110000000000000011111100000000000001111111
000000000000000111110000000000111111111100000000000000000111000000000000000000110000000000000000111100000000000000000011000000000000001111110000011111111111111100000000000000011111000000000001111111110000000000000111111100000000000000111111000000000001111111111111111111111111111100000000000001111111000000000111111111110000000000000000000100000000000000000001
000001111111111111110000001111111111111100000000001111111111000011111111111111110001111111111111111100000000000000000011000000111111111111110000000000000011111100000011111111111111000000011111111111110000001111111111111100000011111111111111000000000001111111110000000111111111111100000000000111111111000000000000011111110000111111111111111100000000000011111111
000000000011111111110000000000000000011100000000000000000011000000000000000001110000000001111111111100000000000000000001000000000000000000011111111111111111111100000000000000000001000000000000000001110000000000000000000100000000000000000001000000000000000001110000000001111111111101111111111111111111000000000000000111110000000011111111111100000000000001111111
000000000011111111110000000001111111111100000000000001111111000000000011111111110000000000000111111100000000000000011111000000000111111111110000000000111111111100000000001111111111000000000011111111110000000001111111111100000000011111111111000000111111111111110000000000000000011100001111111111111111000000011111111111110000111111111111111100000111111111111111
000000000000001111110000111111111111111100000000111111111111000001111111111111110000011111111111111100000000000000000011000000111111111111110000000000000111111100000001111111111111000000111111111111110000001111111111111100000011111111111111000111111111111111110000000000011111111100000000000000000011000000000000001111110000000001111111111100000000000001111111
000000111111111111110000001111111111111100001111111111111111000001111111111111110000000000111111111100011111111111111111000011111111111111110000000000000000001100000111111111111111000000011111111111110011111111111111111100011111111111111111000001111111111111110000000000011111111100000000000111111111000000000000001111110000000001111111111100000000000111111111
000111111111111111110001111111111111111100001111111111111111000000111111111111110000000011111111111100000011111111111111000111111111111111110000000000000000111100001111111111111111001111111111111111110000111111111111111100011111111111111111000011111111111111110000000111111111111100111111111111111111000011111111111111110000000000011111111100000000111111111111
000000000000000000010000000000001111111100000000000000011111111111111111111111111111111111111111111111111111111111111111000000000000000011110001111111111111111100000000000000000011000000000001111111110111111111111111111100000000000000001111000000000011111111111111111111111111111100000000000001111111000000000000111111110000000011111111111100000001111111111111
111111111111111111111111111111111111111111111111111111111111000011111111111111110000000000000001111100000000000000000001111111111111111111110000000000000000000111111111111111111111001111111111111111111111111111111111111111111111111111111111111111111111111111110011111111111111111100001111111111111111000000000001111111110000000000000000111100000000000000000001
000000000000000001110000000000000000001100000000000000001111000000000000001111110000000000011111111100000000000000000011000000000000000000110011111111111111111100000000000000000011000000000000000001110000000000000000001100000000000000000011000000000000000000010000000000000000011100000000000000111111000000001111111111110000111111111111111100011111111111111111
000000000000000011110000000000000000000100000000001111111111000000000000001111110000000000000011111100000000000000011111000000000000000001110011111111111111111100000000000000000011000000000000000000010000000000000000011100000000000000000111000000000000000111110000000000000000011100000000000000000001001111111111111111110000000011111111111100000000000011111111
000001111111111111110000011111111111111100000111111111111111001111111111111111110000000011111111111100000000111111111111000000111111111111110000000000000011111100000011111111111111000000111111111111110000001111111111111100000011111111111111000000000111111111110000000000000000000100000000000000111111000000000000000111110011111111111111111100111111111111111111
000000000000000011110000000000000000111100000000000000000001000000000000000000110000000000000000011100000000000000000001000000000000000000011111111111111111111100000000000000000001000000000000000011110000000000000000000100000000000000000001000000000000000111110000000000000111111100000000111111111111000000000000001111110000000011111111111100000000000001111111
000000000000001111110000000000000000111100000000000000011111000000000011111111110000111111111111111100000000000000011111000000000000001111110000000011111111111100000000000000011111000000000000000011110000000000000001111100000000000001111111000000000000000011110000000000000111111100000000000111111111000000001111111111110000011111111111111100000111111111111111
000111111111111111110001111111111111111111111111111111111111000111111111111111110000000111111111111100011111111111111111011111111111111111110000000000000000001101111111111111111111011111111111111111110011111111111111111101111111111111111111000011111111111111110000000000011111111101111111111111111111111111111111111111110000000001111111111100011111111111111111
000111111111111111110000111111111111111100111111111111111111011111111111111111110001111111111111111100000011111111111111000011111111111111110000000000000000111100000111111111111111000011111111111111110000111111111111111100001111111111111111000001111111111111110000000000000011111100000000000000111111000001111111111111110000000000011111111100000000001111111111
001111111111111111110000011111111111111100000111111111111111000111111111111111110000000000111111111100000011111111111111000000111111111111110000000000000111111100000001111111111111000001111111111111110000000111111111111100000011111111111111000000001111111111110000000000000000000111111111111111111111000000011111111111111111111111111111111111111111111111111111
000000000000000000010000000001111111111100000000000000000111111111111111111111111111111111111111111111111111111111111111000000000000001111110000000111111111111100000000000000011111000000000001111111111111111111111111111100000000000000111111000000011111111111111111111111111111111100000000000000000011000000000000000000010000000000000000001100000000000000000111
000000000000000011110000000000000000111100000000000000000011000000000000000111110000000000011111111100000000000000011111000000000000000000011111111111111111111100000000000000000001000000000000000011110000000000000000000100000000000000000001000000000000000011110000000000000000000100000000111111111111000000000000011111110111111111111111111101111111111111111111
000000000000000000010000000000111111111100000000000000001111000000000000000011110000000000000111111100000000000111111111000000000000011111110000000111111111111100000000000000011111000000000001111111110000000000000111111100000000000001111111000000000011111111110001111111111111111100000000111111111111000000000111111111110000000000000000001100000000000000000111
000000000011111111110000000000000000001100000000000000011111000000000000000001110000000000000000000100000000111111111111000000000000000000110111111111111111111100000000000000000011000000000000000111110000000000000000011100000000000000000011000000000000000000010000000000011111111100000000000000001111000000001111111111110000000111111111111100000000000000011111
011111111111111111110001111111111111111111111111111111111111000000011111111111110000000000000000011101111111111111111111001111111111111111110000000000000000001100001111111111111111011111111111111111110111111111111111111100111111111111111111000111111111111111110000000001111111111100001111111111111111011111111111111111110000000001111111111100000111111111111111
000000000000001111110000000000000000000100000000000000011111000000000000001111110000000000000001111100000000000000011111000000000000000001110011111111111111111100000000000000000011000000000000000000010000000000000000001100000000000000000111000000000000000000110000000000000000011100000000000000111111111111111111111111110000011111111111111100011111111111111111
000000000000000001110000000000000011111100000000000000000111000000000000111111110000011111111111111111111111111111111111000000000000001111110000000111111111111100000000000000011111000000000000001111110000000000001111111100000000000001111111000000000000001111110000011111111111111100000000001111111111000000111111111111110000000000000001111100000000000000111111
000000000000000001110000000001111111111100000000000000011111000000000000000001110000000000000011111100000000000111111111000000000000111111110000000111111111111100000000000000011111000000000011111111110000000000000111111100000000000011111111000000111111111111110001111111111111111100000000000000001111000000000000000111110000000000000000001100000000000000001111
000000000000000011110000000000000001111100000000000000000011000000000000000111110000000001111111111100000000000000011111000000000000011111110000000111111111111100000000000000011111000000000000000011110000000000000001111100000000000001111111000000000011111111110011111111111111111100000000000000001111000000000000000001110000000000000000001100000000000000000111
000000000000000000010000000000111111111100000000000001111111000000000000000111110000000000011111111100000000000000000011000000000001111111110000000011111111111100000000000000011111000000000011111111110000000001111111111100000000000111111111000000001111111111110011111111111111111100000000000000000011000000011111111111110000000000000000011100000000000000001111
000000000000000001110000000001111111111100000000000001111111000000000011111111110011111111111111111100000000000111111111000000000000000111110000011111111111111100000000000000000011000000001111111111110000000000001111111100000000000000011111000000000111111111110000000000011111111100000000000000001111000000000000000000010000000011111111111100000001111111111111
000000111111111111110000000111111111111100000001111111111111000000011111111111110000000000011111111100000000000000011111000001111111111111110000000000000001111100000111111111111111000000001111111111110000011111111111111100001111111111111111000011111111111111110000000111111111111100000001111111111111000000000000000000010000001111111111111100000000000000111111
000000000000000000110000000000111111111100000000000111111111000000000000011111110000000000000111111100000000000000000001000000000000111111110000000011111111111100000000000000011111000000000000111111110000000000011111111100000000000111111111000000000111111111110000111111111111111100000001111111111111000000000000000000110000000000000000111100000000000000001111
000000000000000000110000000011111111111100000000000001111111000000000000000011110000000000000111111100000000000000000011000000000000001111110000000111111111111100000000000000011111000000000011111111110000000000000001111100000000000001111111000000011111111111110000011111111111111100000001111111111111000000000000000000010000000000000011111100000000000000111111
000000011111111111110000000011111111111100000000000000011111000001111111111111110111111111111111111100000000000000000011000000001111111111110000000000001111111100000000001111111111000000001111111111110000000001111111111100000001111111111111000000000001111111110000000000000111111111111111111111111111000000000001111111110111111111111111111100011111111111111111
000000000000001111110000000000111111111100000000000111111111000000000000000000110000000000000000001100000011111111111111000000000011111111110000000011111111111100000000001111111111000000011111111111110000000000000000111100000000000111111111000000000111111111110000111111111111111100011111111111111111000000000111111111110000000000000001111100000000000001111111
000000001111111111110000000000000000011100000000000000000111000000000000000001110000000000000000000100000000000111111111000000000000000001110111111111111111111100000000000000000011000000000000011111110000000000000000011100000000000000000011000000000000000011110001111111111111111100001111111111111111000000000000011111110000000000000001111100000000000000000001
000000001111111111110000000000001111111100000000111111111111000011111111111111110011111111111111111100000000000000000011000000011111111111110000000000000111111100000001111111111111000000000000001111110000000011111111111100000011111111111111000000000000111111110000000000000011111100000000001111111111000000000000000011110001111111111111111100000000111111111111
000000000000000000010000000111111111111100000000000011111111000000000000000111110000000000111111111100000000000000011111000000000001111111110000000000111111111100000000000000011111000000001111111111110000000000011111111100000000000111111111000011111111111111110000111111111111111100000000001111111111000000000001111111110000000000000000111100000000000000011111
000000000111111111110000000000001111111100000000011111111111000000000000000011110000000000000000001100000011111111111111000000000011111111110000000000111111111100000000000000011111000000001111111111110000000000111111111100000000001111111111000000000000111111110000000111111111111100000000000000000011000000000000001111110000000000000011111100000000001111111111
011111111111111111111111111111111111111100011111111111111111111111111111111111111111111111111111111100000000000000000011111111111111111111110000000000000000000111111111111111111111001111111111111111111111111111111111111111111111111111111111011111111111111111110011111111111111111100000111111111111111000000001111111111110000000000000011111100000000000000000111
000000111111111111110000000000000011111100000000000000000011000000000000000011110000000000000000111100000000000000011111000000000000000000110111111111111111111100000000000000000011000000000000111111110000000000000000011100000000000000000011000000000000011111110001111111111111111100000000000111111111000000000000001111110000000000000001111100000000000000001111
000000011111111111110000000000000000111100000000000000000001000000000000000000010000000000000000000100000000000000000011000000000000000001110111111111111111111100000000000000000011000000000000001111110000000000000000001100000000000000000011000000000000001111111111111111111111111100000000001111111111000000000000000000010000000000000000001100000000000000000001
000000000000111111110000001111111111111100000000001111111111000000000000001111110000000000000111111100011111111111111111000000000111111111110000000000111111111100000000001111111111000011111111111111110000000000001111111100000000011111111111000000011111111111110000111111111111111100001111111111111111000000000011111111110000000000000000111100000000000000111111
000000000000001111110000000000000011111100000000000011111111000000000000001111110000000000000000111100000000000000011111000000000000000111110000011111111111111100000000000000011111000000000000000111110000000000000111111100000000000000011111000000000000011111110000111111111111111111111111111111111111000000000000000111110000000000000001111100000000000000001111
000000000000000001110000000000000000011100000000000011111111000000000000000011110000000000000000001100000000000000011111000000000000001111110000011111111111111100000000000000011111000000000000000001110000000000000111111100000000000000011111000000000000000111110000011111111111111100000000111111111111001111111111111111110000000000000000111100000000000000001111
000000000001111111110000000000000001111100000000000111111111000000000111111111110001111111111111111100000000000000011111000000000000001111110000000011111111111100000000000000011111000000000000000111110000000000000011111100000000000001111111000000000000000011110000000000000011111100000000000001111111000001111111111111110000001111111111111100000011111111111111
000000000000000000110000000000111111111100000000000000000111000000000000000001110000000000000000011100000000000111111111000000000000011111110000011111111111111100000000000000011111000000001111111111110000000000000011111100000000000000111111000000000111111111110011111111111111111100000000000000000011000000000011111111110000000000000000000100000000000000000001
000000000000000011110000000000000000011100000011111111111111000000001111111111110000000000000111111100000000111111111111000000011111111111110000000000001111111100000000001111111111000000000000000001110000000111111111111100000001111111111111000000000000000111110000000000000000111100000000111111111111111111111111111111110000011111111111111100001111111111111111
000000000000001111110000000000111111111100000000011111111111000000000000000011110000000000000000001100000000000000000011000000000000001111110000000111111111111100000000000000011111000000000001111111110000000000000111111100000000000001111111000000000001111111110000000000000011111100001111111111111111000000001111111111110000000000011111111100000000000001111111
000000000000000000110000000000000001111100000000000000000001000000000000000000010000000000000000000100000000000000000011000000000000000000110111111111111111111100000000000000000011000000000000011111110000000000000000000100000000000000000011000000000000011111111111111111111111111100000001111111111111000000000000001111110000000000000000000100000000000000000001
000000000000111111110000000000000001111100000000111111111111000000001111111111110000000000111111111100000000000111111111000000111111111111110000000000000111111100000001111111111111000000000000000001110000000111111111111100000011111111111111000000000000011111110000000000011111111100000000000000000011000000001111111111110000000000001111111100000000000001111111
000000000000111111110000000000000111111100000000000000000011000000000000000001110000000000000000011100000000000000011111000000000000111111110000000111111111111100000000000000011111000000000000011111110000000000001111111100000000000011111111000000000011111111110011111111111111111100000000000000000001000000011111111111110000000000000000001100000000000000000011
000000000001111111110000000011111111111100000000000011111111000000011111111111111111111111111111111100000000000000011111000000000001111111110000000000111111111100000000000000011111000000000111111111110000000000111111111100000000001111111111000001111111111111110000000001111111111100000001111111111111000000000000011111110000001111111111111100000001111111111111
000000000000000000010000000001111111111100000000000000111111000000000000000001110000000000000000111100000000000000011111000000000000111111110000000111111111111100000000000000011111000000000111111111110000000000000111111100000000000011111111000000000111111111110001111111111111111100000000000000111111000000111111111111110000000000000000001100000000000000001111
000000111111111111110000000000111111111100000111111111111111000001111111111111110000000011111111111100000000111111111111000000111111111111110000000000000111111100000011111111111111000000000001111111110000001111111111111100000011111111111111000000000000111111110000000000000000011100000000000001111111000000000000011111110000000111111111111100000001111111111111
000000001111111111110000000000000011111100000000011111111111000000000111111111110000011111111111111100000000111111111111000000000000000111110000011111111111111100000000000000011111000000000001111111110000000000000000111100000000000000011111000000000000000011110000000000000000001100000000000001111111000000000000011111110111111111111111111101111111111111111111
000000000000001111110000000000000001111100000000001111111111000000000000111111110000000111111111111100000000111111111111000000000000000111110000011111111111111100000000000000011111000000000000001111110000000000000011111100000000000000011111000000000000000111110000000000011111111100000001111111111111000000000000001111110000000000011111111100000000001111111111
000000000000000000110000000000000000001100000000000000000011000000000000000000010000000000000000000100000000000000000011000000000000000000011111111111111111111100000000000000000001000000000000000000110000000000000000000100000000000000000001000000000000000001110001111111111111111100000000000000000001000000000000001111110000000000000000001100000000000000000111
000011111111111111110111111111111111111101111111111111111111000011111111111111110000000000111111111100011111111111111111111111111111111111110000000000000000000101111111111111111111111111111111111111110011111111111111111111111111111111111111000011111111111111110000000111111111111100000001111111111111111111111111111111110000000000001111111100000111111111111111
000000000000111111110000011111111111111100000000111111111111000000111111111111110000000011111111111100000000000000011111000000011111111111110000000000000111111100000001111111111111000000111111111111110000001111111111111100000001111111111111011111111111111111110000000000001111111100000000000000000011000000000000000000110000000001111111111100000000000011111111
000000000011111111110000000011111111111100000000001111111111000000001111111111110000000111111111111100000000000111111111000000001111111111110000000000011111111100000000001111111111000000001111111111110000000001111111111100000000111111111111000000001111111111110000000000000000111100000000000000001111000000000001111111110000000111111111111100000000111111111111
111111111111111111110000111111111111111100001111111111111111000111111111111111110000000000011111111101111111111111111111000001111111111111110000000000000011111100000111111111111111000011111111111111110000001111111111111100000111111111111111000000011111111111110000000000000000000111111111111111111111000000000000000000010011111111111111111111111111111111111111
000000000001111111110000000000000000000100000000111111111111000000000001111111110000000000111111111100000000000111111111000000000000000011110000111111111111111100000000000000011111000000000000000000110000000000000000111100000000000000001111000000000000000001110000000000000000000100000000000000000001111111111111111111110000011111111111111100000011111111111111
000000000011111111110000000111111111111100000001111111111111000011111111111111110000111111111111111100000000000000011111000000011111111111110000000000001111111100000001111111111111000000011111111111110000000111111111111100000001111111111111000111111111111111110000000000000000011100000000000000000001000000000000000001110000111111111111111100001111111111111111
000000111111111111110111111111111111111100001111111111111111011111111111111111110011111111111111111100011111111111111111111111111111111111110000000000000000000101111111111111111111111111111111111111110111111111111111111111111111111111111111001111111111111111110000000111111111111100000000001111111111000000001111111111110000000000001111111100000000000011111111
000000000011111111110000000000000000001100000000001111111111000000011111111111110001111111111111111100000000000111111111000000000001111111110000000000111111111100000000000000011111000000000000000000110000000001111111111100000000001111111111000000000000000011110000000000000111111100000000001111111111000000000000111111110000000011111111111100000000000011111111
000000000000000000010000000000001111111100000000000001111111000000000000111111110001111111111111111100000000000000011111000000000000111111110000000011111111111100000000000000011111000000000001111111110000000001111111111100000000000011111111000000000011111111110001111111111111111100000000000000001111000001111111111111110000000000000000111100000000000000001111
000000001111111111110000000000000000000100000000000001111111000001111111111111111111111111111111111100000000000000000011000000000011111111110000000000011111111100000000000000011111000000000000000000010000000011111111111100000000011111111111000000000000000000010000000000011111111100000000000000001111000001111111111111110111111111111111111100111111111111111111
000000000000111111110000000111111111111100000000000001111111000000000000000011110000000000000011111100011111111111111111000000001111111111110000000000111111111100000000001111111111000000011111111111110000000000001111111100000000011111111111000000011111111111110000111111111111111100001111111111111111000000000000011111110000000000000000111100000000000000111111
000000000000001111110000000000000111111100000000000000000111000000000000000011110000000000000001111100000000000000000011000000000000000000010111111111111111111100000000000000000001000000000001111111110000000000000000001100000000000000000001000000000000011111110000000000000000011100000001111111111111000000000000000011110000011111111111111100000000111111111111
111111111111111111110001111111111111111111111111111111111111001111111111111111110000000000111111111100011111111111111111000011111111111111110000000000000000111100000111111111111111001111111111111111110000011111111111111100001111111111111111001111111111111111110000000000000000001111111111111111111111000000000000000000110001111111111111111100111111111111111111
000000000000111111110000000000000011111100000000000000111111000000000111111111110001111111111111111100000000000000011111000000000000011111110000000011111111111100000000000000011111000000000000001111110000000000011111111100000000000011111111000000000000011111110000000000011111111100000000000000111111000001111111111111110000001111111111111100000000001111111111
000000000000001111110000000000000001111100000000000000000001000000000000000000010000000000000000000100000000000000011111000000000000000000110111111111111111111100000000000000000011000000000000001111110000000000000000000100000000000000000011000000000000011111111111111111111111111100000000000000000001000000000000001111110000000000000000000100000000000000000001
000000001111111111110000011111111111111100000000011111111111000000000000000111110000000000000000111100011111111111111111000000000111111111110000000000111111111100000000001111111111000011111111111111110000000000001111111100000000011111111111000000011111111111110000011111111111111100000000111111111111000000000001111111110000000000000000011100000000000000111111
000000000001111111110000000000000111111100000000011111111111000001111111111111110011111111111111111100000000000000000001000000011111111111110000000000001111111100000000001111111111000000000000000111110000000011111111111100000001111111111111000000000000011111110000000000000011111100000000000000111111001111111111111111110011111111111111111100111111111111111111
000000000000000000010000000001111111111100000000000000001111000000000000000111110000000111111111111100000000000000000011000000000000001111110000011111111111111100000000000000011111000000000000111111110000000000000011111100000000000000111111000000011111111111110001111111111111111100000000000000000001000000000000000000010000000000000000001100000000000000000011
000000000001111111110000000000000000111100000000111111111111000000001111111111110000000000000111111100000000000000011111000000011111111111110000000000001111111100000000001111111111000000000000000001110000000111111111111100000001111111111111000000000000000011110000000000000000111100000000000000000001001111111111111111110000001111111111111100000001111111111111
000000000011111111110000000000001111111100000000000000011111000000000000111111110000000000000000111100000000000000011111000000000000001111110000000011111111111100000000000000011111000000000000111111110000000000000111111100000000000001111111000000000001111111110000000000000000000101111111111111111111000001111111111111110011111111111111111100011111111111111111
111111111111111111110000011111111111111100011111111111111111000000111111111111110000000000000001111100011111111111111111000011111111111111110000000000000000111100000111111111111111000000111111111111110000011111111111111100001111111111111111000000011111111111110000000000000000011100011111111111111111000011111111111111110000001111111111111100000111111111111111
000111111111111111110011111111111111111100000011111111111111000000001111111111110000000000000001111100011111111111111111011111111111111111110000000000000000001101111111111111111111011111111111111111110000111111111111111101111111111111111111000001111111111111110000000001111111111100000000000000000011111111111111111111110000000000000011111100000000111111111111
000000000000000111110000000001111111111100000000011111111111000000000011111111110000000000011111111100000000000111111111000000000011111111110000000000111111111100000000000000011111000000000001111111110000000001111111111100000000011111111111000000000111111111110000000000001111111100000000000000001111000000000000000000110000000011111111111100000000000111111111
000111111111111111110011111111111111111101111111111111111111011111111111111111110001111111111111111100011111111111111111000011111111111111110000000000000000111100001111111111111111000111111111111111110011111111111111111100001111111111111111111111111111111111110000000000011111111100000000000000000001011111111111111111110000000001111111111100000011111111111111
000000000000000111110000000000000000111100000000000011111111000000000000011111110000000000000011111100000000000000000011000000000000111111110000000011111111111100000000000000011111000000000000000111110000000000011111111100000000000011111111000000000000000011110000000000001111111100000000000000000011111111111111111111110000000000001111111100000000000111111111
000000000011111111110000000000000011111100000000000000000111000000000000000000110000000000000000000100000000000000011111000000000000000011110011111111111111111100000000000000000011000000000000111111110000000000000000011100000000000000000111000000000000111111110011111111111111111100000000111111111111000001111111111111110000000000000000011100000000000000000011
000000000000000000010000000011111111111100000000000000111111000000000000000111110000000000111111111100000000000000011111000000000001111111110000000011111111111100000000000000011111000000001111111111110000000000111111111100000000000111111111000001111111111111110001111111111111111100000000000000000011000000001111111111110000000000000000011100000000000000001111
000000000000111111110000011111111111111100000000111111111111000000000000000111110000000000000001111100011111111111111111000000000111111111110000000000111111111100000000001111111111001111111111111111110000000000001111111100000000011111111111000000011111111111110000011111111111111100000000000000000011000000000011111111110000000000000000011100000000000000111111
111111111111111111110011111111111111111100011111111111111111011111111111111111110000111111111111111100011111111111111111001111111111111111110000000000000000001100001111111111111111001111111111111111110111111111111111111100111111111111111111000111111111111111110000000000001111111100000000000000000011001111111111111111110000000000011111111100000111111111111111
000000000000000001110000000001111111111100000000001111111111000000000000111111110000000111111111111100000000111111111111000000000000001111110000000111111111111100000000000000011111000000001111111111110000000000000011111100000000000000111111000000000111111111110000000000011111111100000000000000000011000000000000000011110000000000011111111100000001111111111111
001111111111111111110001111111111111111100001111111111111111011111111111111111110000000111111111111100011111111111111111000011111111111111110000000000000001111100000111111111111111000001111111111111110000011111111111111100001111111111111111000011111111111111110000000000000000011100000000000000001111000000000000000011110000001111111111111100111111111111111111
000000001111111111110000000001111111111100000000001111111111000000111111111111110000000001111111111100000000000000011111000000001111111111110000000000011111111100000000001111111111000000000001111111110000000011111111111100000000111111111111000000001111111111110000000000000000011100001111111111111111000001111111111111110111111111111111111100111111111111111111
000001111111111111110000111111111111111100000001111111111111000000111111111111110000000001111111111100000000000000000001000011111111111111110000000000000000111100000111111111111111000001111111111111110001111111111111111100001111111111111111011111111111111111110000111111111111111100000001111111111111011111111111111111110000000111111111111100000000000000011111
000000000000001111110000000001111111111100000000011111111111111111111111111111111111111111111111111111111111111111111111000000000011111111110000000011111111111100000000001111111111000011111111111111110000000111111111111100000000000111111111000000000111111111111111111111111111111100000111111111111111000001111111111111110000000000000000111100000000000000111111
000000000111111111110000000001111111111100000011111111111111011111111111111111110111111111111111111100000000000000000001000000111111111111110000000000000011111100000011111111111111000000000001111111110000001111111111111100000111111111111111000000001111111111110000000000011111111100000000000001111111000000001111111111110000111111111111111100000000111111111111
000000000001111111110000000000000011111100000000000000000011000000000000011111110000000000111111111100000000000111111111000000000000000000110011111111111111111100000000000000000011000000000000011111110000000000000000111100000000000000000011000000000000001111110000000000000011111100000000001111111111000000000111111111110000111111111111111100000111111111111111
000000001111111111110000000111111111111100000000011111111111000000001111111111110000000000000111111100000000000000011111000000011111111111110000000000001111111100000000001111111111000000011111111111110000000111111111111100000001111111111111000000011111111111110000000000000000111100000000000001111111000000000000000011110000000111111111111100000000111111111111
001111111111111111110001111111111111111100111111111111111111000000011111111111110000000000000001111100011111111111111111000111111111111111110000000000000000001100001111111111111111001111111111111111110001111111111111111100011111111111111111001111111111111111110000000000011111111100000000000000000001000000011111111111110000000000000011111100000000001111111111
000000000000000011110000000000000111111100000000000000000111000000000000000000010000000000000000000100000000000000000011000000000000111111110000000111111111111100000000000000011111000000000000011111110000000000011111111100000000000011111111000000000011111111110111111111111111111100000000000111111111000000000000000011110000000000000000000100000000000000000001
000000000000000011110000000000000000000100000000000111111111000000000011111111110000000000011111111100000000000000011111000000000000011111110000000111111111111100000000000000011111000000000000000000110000000000011111111100000000000001111111000000000000000000110000000000000000011100000000000000000001111111111111111111110001111111111111111100011111111111111111
000000011111111111110111111111111111111100011111111111111111000111111111111111110000011111111111111100000000111111111111000011111111111111110000000000000000111100000111111111111111001111111111111111110011111111111111111100001111111111111111111111111111111111110000000111111111111100000000001111111111000000000000000000110000000000000011111100000000000001111111
000000111111111111110000000011111111111100000001111111111111000001111111111111110000000011111111111100000000000000000011000001111111111111110000000000000011111100000011111111111111000000000111111111110000011111111111111100000111111111111111000000000111111111110000000011111111111100000000000000001111011111111111111111110000111111111111111100000000001111111111
000000000001111111110000000001111111111100000000001111111111000000001111111111110000000000000111111100000000111111111111000000001111111111110000000000011111111100000000001111111111000000001111111111110000000011111111111100000000111111111111000000001111111111110000000000000000000100000000000000000001000000000001111111110111111111111111111111111111111111111111
000000000000000011110000000000001111111100000000000000000111000000000000000001110000000000000000111100000000000000011111000000000000111111110000000011111111111100000000000000011111000000000000011111110000000000111111111100000000000011111111000000000011111111110011111111111111111100000000001111111111000000001111111111110000000000000000001100000000000000000111
000000111111111111110000000001111111111100000000000111111111000000000011111111110000000000011111111100000000000000011111000000000011111111110000000000111111111100000000001111111111000000001111111111110000000011111111111100000000011111111111000000011111111111110000000000000111111100111111111111111111000000000001111111110000000011111111111100000000000111111111
000000000011111111110000000111111111111100000000111111111111000111111111111111110111111111111111111100000000000000011111000000011111111111110000000000000111111100000001111111111111000000011111111111110000000111111111111100000011111111111111000011111111111111110000000000001111111100000000111111111111000001111111111111110011111111111111111100000111111111111111
000000000111111111110000000001111111111100000000000001111111000000001111111111110011111111111111111100000000000000000011000000000011111111110000000000011111111100000000000000011111000000000001111111110000000001111111111100000000011111111111000001111111111111110000000000000111111100000000000111111111000000000000000111110000011111111111111100000000111111111111
011111111111111111110000111111111111111100011111111111111111000000011111111111110000000000000000111100011111111111111111000111111111111111110000000000000000001100001111111111111111000011111111111111110011111111111111111100011111111111111111001111111111111111110000000001111111111100000000000000001111000000000000000011110000000000011111111100000000111111111111
000000000000000001110000000000111111111100000000000000011111000111111111111111111111111111111111111111111111111111111111000000000000001111110000000111111111111100000000000000011111000000000001111111111111111111111111111100000000000000111111000000111111111111111111111111111111111100000111111111111111000000000011111111110000000000000000001100000000000000000001
000111111111111111110001111111111111111100011111111111111111000000000111111111110000000000000000000100000000000000011111111111111111111111110000000000000000000111111111111111111111000011111111111111111111111111111111111111111111111111111111111111111111111111110011111111111111111100000000000000111111001111111111111111110000000000000000111100000000000000000011
000000000011111111110000000000000000000100000000000000000011000000000000000111110000000000000001111100000000000111111111000000000000000000110011111111111111111100000000000000000011000000000000000111110000000000000000011100000000000000000111000000000000000000010000000000000000111100000000000000111111011111111111111111110000011111111111111100000111111111111111
001111111111111111110001111111111111111111111111111111111111001111111111111111110000000011111111111101111111111111111111011111111111111111110000000000000000001101111111111111111111001111111111111111110011111111111111111101111111111111111111000011111111111111110000000000011111111101111111111111111111111111111111111111110000000001111111111100011111111111111111
001111111111111111110000001111111111111101111111111111111111000111111111111111110000000000111111111100000011111111111111000011111111111111110000000000000000111100001111111111111111000000011111111111110011111111111111111100001111111111111111000011111111111111110000000000001111111100000000000111111111011111111111111111110000000011111111111100011111111111111111
000000000000001111110000000000111111111100000000001111111111000001111111111111110000111111111111111100000000000000000011000000001111111111110000000000011111111100000000001111111111000000000000111111110000000011111111111100000000111111111111000000001111111111110000000000000000011100111111111111111111000000000011111111110000111111111111111100000001111111111111
000000000000000111110000000000000000111100000000000000011111000000000000011111110000000000111111111100000000000000011111000000000000000111110000011111111111111100000000000000000011000000000000000111110000000000000000111100000000000000011111000000000000000011110000000000000111111100000000000000000011000000000000000000110000001111111111111100000001111111111111
000000000000000001110000000000000111111100000000000000000011000000000000000011110000000000000011111100000000000000011111000000000000001111110000011111111111111100000000000000011111000000000001111111110000000000000001111100000000000000111111000000000011111111110111111111111111111100000001111111111111000000000000000011110000000000000000000100000000000000000001
000000011111111111110000111111111111111100000111111111111111011111111111111111110001111111111111111100000000111111111111000000111111111111110000000000000011111100000011111111111111000001111111111111110000011111111111111100000011111111111111000111111111111111110000000000000000111100000001111111111111000000000000001111110000011111111111111100000111111111111111
000000111111111111110000000111111111111100000001111111111111000000000011111111110000000111111111111100000000111111111111000000000011111111110000000000111111111100000000001111111111000000001111111111110000000000001111111100000000001111111111000000001111111111110000000000000011111100000000000000000011000000001111111111110000001111111111111100001111111111111111
000000000000000111110000000000000000000100000000000000000001000000000000000000010000000000000011111100000000000000000001000000000000000000011111111111111111111100000000000000000001000000000000000000010000000000000000000100000000000000000001000000000000000001110111111111111111111100000111111111111111000000011111111111110000000000000000001100000000000000000001
000000000000001111110000000111111111111100000000011111111111000000000000111111110000000000000001111100000000000111111111000000001111111111110000000000011111111100000000001111111111000000001111111111110000000011111111111100000000111111111111000001111111111111110000000001111111111100000111111111111111000000011111111111110000000000001111111100000000000001111111
000000000000000000110000000001111111111100000000000000000111000000000000111111110000011111111111111100000000000000000011000000000000000111110000011111111111111100000000000000011111000000000001111111110000000000000011111100000000000000011111000000000111111111110000000011111111111100000000000000001111000000000000000001110000000000000001111100000000000000001111
000000000000000111110000000000000000001100000000000000000011000000000000000011110000000000000001111100000000000000000011000000000000000000110111111111111111111100000000000000000011000000000000000000110000000000000000001100000000000000000011000000000000000000110000000000011111111100000000000000000011000000001111111111110000000000000011111100000000000000111111
000000111111111111110000000011111111111100000000000111111111000011111111111111110111111111111111111100000000000000011111000000001111111111110000000000001111111100000000001111111111000000001111111111110000000011111111111100000001111111111111000000001111111111110000000000000111111100111111111111111111000000000000111111110111111111111111111100011111111111111111
000000000111111111110000000000000000000100000000000000000111000000000000011111110000000000111111111100000000000111111111000000000000000001110011111111111111111100000000000000000011000000000000000111110000000000000000001100000000000000000111000000000000000000010000000000000000000100000111111111111111000000000000000001111111111111111111111111111111111111111111
000000000000000000010000000000000000111100000001111111111111000000000000000111110000000000000000001100000000000000011111000000000001111111110000000111111111111100000000000000011111000000000000000011110000000000011111111100000000000011111111000000000000000001110000000000011111111100001111111111111111000001111111111111110000000000000000111100000000000000011111
000000000000000011110000000000111111111100000000001111111111000000000011111111110001111111111111111100000000111111111111000000000000000011110000011111111111111100000000000000000011000000000111111111110000000000000011111100000000000000011111000000000001111111110000000000001111111100000000000000000011000000000011111111110000000011111111111100000111111111111111
000000000011111111110000000000000000111100000001111111111111000000011111111111110000000000000111111100000000111111111111000000001111111111110000000000001111111100000000001111111111000000000000000011110000000011111111111100000000111111111111000000000000000000110000000000000000000100000000001111111111000001111111111111110011111111111111111100111111111111111111
000000111111111111110111111111111111111100011111111111111111000011111111111111110000000011111111111100011111111111111111001111111111111111110000000000000000001100001111111111111111011111111111111111110000111111111111111100111111111111111111011111111111111111110000011111111111111100000000000111111111001111111111111111110000000000000011111100000000000001111111
000000000000001111110000001111111111111100000011111111111111000000001111111111110000000000011111111100000000000111111111000000011111111111110000000000001111111100000001111111111111000000011111111111110000000111111111111100000001111111111111000001111111111111110000000000000011111100111111111111111111000000111111111111110000001111111111111100000001111111111111
000000000000000000010000000000000000011100000000000000000011000000000000000011110000000000000111111100000000000000000001000000000000000000110111111111111111111100000000000000000011000000000000000001110000000000000000001100000000000000000011000000000000000001110001111111111111111100111111111111111111000011111111111111110000000000000000111100000000000000001111
000000000000000111110000000000001111111100000000000000000111000000000000000001110000000000000000111100000000000111111111000000000000001111110000011111111111111100000000000000011111000000000000111111110000000000000011111100000000000000111111000000000001111111110111111111111111111100000000001111111111000000000000000001110000000000000000001100000000000000000001
000000000001111111110001111111111111111100000111111111111111000011111111111111110000000001111111111100000000111111111111000001111111111111110000000000000011111100000011111111111111000011111111111111110000011111111111111100000111111111111111111111111111111111110000000000000111111100000000000000111111000000000000000000010000000011111111111100000001111111111111
001111111111111111110011111111111111111100001111111111111111011111111111111111110011111111111111111100000011111111111111011111111111111111110000000000000000000101111111111111111111011111111111111111110111111111111111111101111111111111111111000011111111111111110000000011111111111100000000000000000001000000001111111111110000000000001111111100000001111111111111
000000000000000000010000000000000000001100000000000000000001000000000000000000010000000000000000001100000000000000000011000000000000000000111111111111111111111100000000000000000011000000000000000000110000000000000000000100000000000000000001000000000000000111110011111111111111111100000000000000000011000000011111111111110000000000000000000100000000000000000011
111111111111111111110000001111111111111101111111111111111111011111111111111111110000000001111111111100000011111111111111000011111111111111110000000000000000111100000111111111111111000001111111111111110001111111111111111100001111111111111111000000000001111111110000000000000000011100000111111111111111111111111111111111110000111111111111111101111111111111111111
000000000000001111110000000000111111111100000000000000011111000000000000000011110000000000000011111100000000000000000011000000000000000001110001111111111111111100000000000000000011000000000011111111110000000000000011111100000000000000000111000000000001111111110001111111111111111100001111111111111111000000000000000001110000000000000011111100000000000000001111
000000000000001111110000000011111111111100000000001111111111000000000000011111110000000011111111111100011111111111111111000000000111111111110000000000111111111100000000001111111111000011111111111111110000000000000111111100000000011111111111000000000111111111110000000011111111111100000000000111111111000000000000111111110000000000000011111100000000000001111111
000000000000000011110000000011111111111100000000000000011111000000000000011111110000011111111111111100000000000111111111000000000000001111110000000111111111111100000000000000011111000000000011111111110000000000000111111100000000000001111111000000011111111111110000111111111111111100000000001111111111000000000000001111110000000000000000111100000000000000001111
000000000011111111110000000000000000111100000000000000000011000000000000001111110000000000000011111100000000000000011111000000000000000000110111111111111111111100000000000000000011000000000000000011110000000000000000001100000000000000000011000000000000011111110000000000000000000100000111111111111111000000000000001111110011111111111111111100111111111111111111
000000000000111111110000000000111111111100000000000001111111000000000000111111110000000111111111111100000000000111111111000000000000000011110001111111111111111100000000000000000011000000000001111111110000000000000000011100000000000000001111000000000001111111110000000000000000011100000111111111111111000000000000000011110001111111111111111100011111111111111111
000001111111111111110001111111111111111111111111111111111111111111111111111111110001111111111111111100000011111111111111011111111111111111110000000000000000000101111111111111111111000111111111111111111111111111111111111111111111111111111111000111111111111111110000000011111111111100000000111111111111011111111111111111110000000000011111111100000001111111111111
