16390
16392
16420
16452
16462
16488
16516
16578
16582
16584
16594
16608
16397
16429
16475
16587
16607
4
148
49
131
16390
16392
16404
16416
16424
16440
16450
16452
16454
16466
16472
16480
16484
16488
16500
16504
16520
16530
16548
16560
16568
16578
16592
16594
16600
16608
16610
16612
16624
16632
16395
16415
16459
16461
16479
16493
16507
16509
16523
16555
16559
16589
16605
16607
16619
16623
16639
46
146
212
224
11
45
189
16388
16460
16476
16534
16473
28
60
62
74
76
78
90
142
174
186
188
206
250
254
55
69
101
105
155
181
193
225
231
16384
16386
16392
16430
16450
16462
16466
16468
16470
16498
16512
16518
16530
16546
16562
16578
16626
16411
16413
16459
16475
16523
16525
16541
16543
147
179
211
223
16490
16630
22
56
86
104
136
146
152
198
214
29
45
59
65
79
95
125
143
171
203
223
16472
16488
16594
16600
16614
16628
16397
16427
62
144
85
155
215
16460
16510
16534
16604
16405
16433
16453
16483
16501
16531
0
22
144
178
194
210
13
29
39
75
181
16450
16452
16472
16488
16530
16584
16594
16600
16614
16632
16427
16435
62
200
49
161
16466
16541
16581
58
108
122
142
170
172
202
206
234
236
252
254
33
97
177
183
229
16396
16430
16458
16462
16524
16554
16570
16588
16618
16634
16636
16385
16387
16405
16435
16441
16455
16517
16529
16535
16547
16563
16567
16595
16601
16625
16631
127
147
16530
16403
22
82
216
251
16408
16486
16488
16496
16504
16546
16552
16578
16584
16594
16600
16628
16443
16491
16607
186
246
35
16536
16403
16439
16549
16551
16565
16607
1
175
181
197
16536
16519
2
174
57
73
169
201
247
16392
16426
16430
16442
16510
16520
16554
16403
16501
156
33
87
147
245
16392
16504
16594
16499
70
72
102
104
118
196
198
216
232
33
16630
16451
0
8
56
64
66
68
72
82
86
88
98
100
102
104
116
120
132
134
146
162
166
168
184
194
198
200
210
216
230
232
240
244
246
248
11
27
43
83
93
95
107
111
139
171
175
205
235
251
16384
16386
16390
16392
16400
16404
16406
16408
16416
16418
16422
16432
16434
16436
16448
16450
16454
16456
16464
16466
16468
16472
16480
16482
16484
16486
16488
16496
16498
16500
16502
16504
16512
16514
16516
16518
16520
16528
16530
16532
16536
16544
16546
16550
16552
16560
16562
16564
16566
16568
16576
16578
16580
16582
16584
16592
16594
16596
16598
16600
16608
16610
16612
16614
16616
16624
16628
16630
16632
16395
16397
16399
16411
16413
16415
16425
16427
16429
16431
16443
16445
16447
16459
16461
16463
16475
16477
16491
16493
16495
16507
16509
16511
16523
16525
16539
16541
16543
16555
16557
16559
16571
16573
16575
16589
16591
16603
16605
16607
16619
16621
16623
16635
16637
16639
8
24
34
48
56
66
82
84
86
88
96
100
102
104
114
116
118
120
130
132
146
148
150
152
162
164
168
192
194
196
198
200
210
212
216
228
230
232
240
244
246
248
11
15
29
43
59
63
91
93
95
123
125
127
139
155
171
175
189
205
207
219
223
255
16604
16519
200
11
131
16424
16504
16449
8
46
104
120
146
194
210
216
246
248
43
93
109
159
16531
16607
44
185
207
16470
16484
16566
16598
16600
16419
16491
120
160
194
198
210
246
35
95
205
16468
16614
16636
42
70
170
202
19
35
41
165
181
16392
16446
16520
16547
16617
68
84
136
144
150
162
208
210
240
27
139
141
157
171
237
16412
16604
16393
16433
16469
16561
200
216
49
97
161
211
16456
16572
16584
16632
24
150
51
223
16578
16477
16615
216
248
67
16584
16602
16405
54
74
111
16570
16449
16457
16537
16547
16595
16601
216
246
177
16624
16630
16632
16589
36
66
82
88
104
120
128
146
162
168
194
198
200
210
216
240
244
246
35
111
125
175
205
219
16515
16589
16607
136
39
221
251
16430
16484
16546
16564
16582
16600
30
82
146
190
16450
16634
20
52
64
82
102
128
150
152
184
200
210
216
9
93
171
16576
16580
16600
16616
16628
16429
16449
16495
16511
16621
236
238
254
15
21
35
99
227
229
16392
16578
16638
8
78
108
252
16558
16600
16632
190
137
155
16392
16462
16515
42
60
62
74
76
78
94
142
170
174
186
188
202
234
254
17
35
65
69
105
119
131
161
163
165
183
213
225
227
245
249
16440
16448
16452
16466
16472
16480
16488
16504
16514
16530
16534
16544
16548
16550
16552
16578
16580
16582
16584
16592
16600
16610
16614
16628
16630
16632
16395
16427
16461
16475
16491
16493
16523
16525
16571
16573
16575
16607
216
17
16440
16616
8
252
101
131
181
207
229
16388
16392
16584
16632
16403
16523
16525
16539
16543
8
80
190
194
210
16384
16388
16392
16404
16406
16408
16416
16422
16436
16438
16440
16454
16456
16486
16488
16496
16504
16518
16520
16530
16532
16544
16552
16568
16578
16594
16596
16598
16600
16608
16612
16630
16395
16427
16431
16435
16463
16477
16509
16543
16559
16571
16575
16591
16639
2
50
82
84
148
162
194
210
57
119
125
155
157
159
16494
16590
16405
26
28
44
94
106
110
122
124
154
174
188
190
218
234
236
250
23
35
37
49
51
101
115
117
121
147
181
225
231
241
243
247
16414
16430
16510
16558
16572
16606
16618
16638
16409
16421
16441
16481
16485
16549
16601
92
158
49
101
165
16386
16408
16436
16464
16468
16480
16486
16500
16518
16536
16544
16550
16552
16576
16582
16594
16600
16614
16411
16415
16459
16463
16479
16539
16575
16603
16605
16607
16623
16
82
98
242
13
53
157
16384
16386
16388
16392
16400
16406
16418
16424
16432
16434
16438
16448
16450
16452
16456
16466
16468
16472
16482
16486
16488
16496
16498
16500
16502
16504
16512
16516
16520
16530
16532
16534
16536
16546
16552
16558
16562
16564
16568
16576
16578
16582
16594
16598
16600
16608
16610
16612
16616
16624
16626
16628
16630
16397
16399
16411
16427
16429
16431
16443
16445
16447
16459
16477
16491
16493
16509
16511
16539
16555
16557
16559
16573
16575
16587
16589
16607
16619
16635
16637
16639
10
44
76
78
90
94
108
110
156
174
186
188
204
236
250
252
5
19
21
35
51
53
69
83
85
97
99
101
129
131
165
167
181
193
245
16456
16512
16530
16534
16550
16564
16568
16578
16630
16525
16555
16621
16623
16635
16639
34
46
84
114
210
15
75
91
16442
16596
6
144
17
16504
16578
16594
16600
16435
200
37
51
131
16442
16478
16510
16586
16590
16620
16638
16423
16485
16501
16545
16551
16561
16567
16581
16585
16601
16609
16615
16625
16631
44
136
19
51
81
97
147
179
16423
16483
16527
30
46
94
132
119
229
16630
16449
188
200
37
51
69
97
121
131
163
197
211
227
16428
16506
16540
16604
16638
16385
16391
16435
16451
16467
16483
16581
16599
46
114
144
146
226
13
16392
16486
16488
16504
16530
16552
16584
16594
16600
16630
16632
16477
16555
16589
0
52
54
86
102
104
114
120
146
162
168
194
208
216
226
230
246
43
93
95
115
139
141
143
191
205
219
223
237
16386
16392
16406
16408
16416
16418
16422
16424
16432
16440
16464
16466
16470
16478
16484
16496
16498
16500
16514
16516
16530
16536
16546
16550
16552
16560
16564
16566
16576
16580
16592
16594
16600
16608
16612
16624
16626
16628
16413
16415
16429
16443
16459
16475
16493
16507
16509
16523
16525
16527
16539
16557
16571
16589
16591
16603
16605
16621
16635
16637
2
16
18
24
40
52
56
64
66
72
82
84
86
88
98
100
112
116
118
128
130
132
146
150
160
168
176
184
192
194
196
198
200
208
216
226
228
242
246
248
7
27
29
59
61
63
91
95
109
125
143
157
175
187
191
205
235
253
16390
16392
16466
16546
16578
16638
16411
46
78
108
158
204
117
137
139
177
181
209
16558
16572
16618
16630
210
169
16428
16440
16508
16586
16590
16634
48
68
100
104
114
118
134
180
194
196
198
210
212
237
16454
16466
16472
16516
16580
16582
16419
16523
42
212
16386
16390
16392
16408
16422
16434
16456
16458
16468
16470
16472
16482
16488
16496
16516
16528
16546
16578
16584
16608
16610
16614
16616
16624
16626
16630
16632
16397
16399
16411
16413
16415
16429
16445
16463
16475
16477
16479
16491
16493
16495
16507
16509
16511
16523
16527
16541
16543
16559
16573
16575
16589
16603
16605
16619
16621
16623
60
37
157
16392
16488
16504
16552
16584
16600
16614
16630
16385
16479
198
208
67
207
16412
16414
16428
16478
16510
16554
16572
16636
16387
16433
16435
16467
16469
16481
16483
16515
16553
16561
16567
16593
16595
16625
16627
46
50
132
194
107
16388
16458
16518
16495
16635
88
194
216
9
175
255
16431
16451
34
66
136
194
119
16392
16460
16630
8
34
56
66
82
88
94
104
120
162
166
168
194
196
210
214
216
232
240
244
246
248
43
59
63
93
171
175
205
255
16482
16397
16441
226
97
16472
16584
16596
16620
104
168
198
177
16386
16404
16406
16416
16418
16432
16434
16446
16450
16452
16464
16466
16470
16500
16532
16544
16546
16548
16576
16580
16594
16596
16600
16608
16624
16397
16413
16445
16475
16477
16491
16509
16523
16525
16541
16557
16559
16571
16603
16607
16621
10
30
44
58
60
76
78
110
122
126
156
186
202
204
206
234
19
23
33
55
69
97
113
129
181
185
213
225
16578
16433
12
28
138
142
188
19
49
51
53
55
57
69
73
89
99
129
133
149
167
179
181
195
209
213
245
16456
16472
16580
16614
16632
16467
0
2
8
20
22
24
34
36
40
48
50
66
68
70
80
82
84
86
88
94
98
102
104
112
114
116
120
128
132
134
136
144
146
148
150
152
160
162
166
168
176
184
192
194
196
198
200
210
212
214
216
224
226
230
232
240
242
244
246
248
11
13
15
27
29
43
45
47
61
63
75
77
91
93
107
109
123
125
127
139
141
155
157
159
171
173
175
187
189
191
203
205
207
219
221
237
239
251
253
16466
16488
16504
16550
16552
16630
16632
16389
16427
16479
16555
48
72
82
5
43
91
221
251
16441
16465
16515
16591
16609
66
226
37
16386
16466
16472
16486
16488
16504
16514
16520
16530
16580
16582
16584
16594
16610
16614
16624
16395
16431
16547
16555
16559
8
66
82
88
102
104
120
146
168
194
198
200
210
216
230
240
244
246
248
43
93
95
171
175
205
16392
16518
16534
16395
16505
16523
16593
16613
21
139
16478
16506
16602
16604
16636
16465
16469
16489
16505
16539
16553
16561
16579
84
15
201
16424
16466
16472
16486
16504
16552
16578
16582
16584
16594
16600
16630
16632
16393
16477
16479
16555
84
150
154
194
210
216
224
232
253
49161
49223
49331
32786
32985
49182
49332
49169
32986
32911
49158
49174
49386
49399
32900
32906
49306
49195
32814
32858
32874
32876
32894
32926
32974
33004
32841
32849
32855
32867
32905
32915
32949
32967
32999
33001
33011
49152
49331
49397
32957
32983
49178
49290
32976
32988
32773
32853
32857
32969
32981
49223
49325
49339
49343
32786
32886
32896
33012
32825
49278
49159
49241
49297
49375
32850
32921
49168
49274
49372
49335
49367
32910
32775
49186
49252
49308
49389
32774
32862
32914
32799
32825
32927
49264
49328
49398
49199
49215
49303
49339
49343
32792
32909
32957
49188
49287
32936
32857
49290
49355
32816
32963
49264
49310
49197
32858
32902
32867
32889
32927
33015
33017
49248
49347
32896
32855
49174
49184
49330
49364
49159
49375
32768
32776
32851
32985
49210
49212
49262
49292
49308
49322
49326
49338
49354
49356
49372
49388
49404
49161
49169
49173
49187
49219
49223
49233
49235
49237
49241
49249
49273
49289
49301
49313
49315
49319
49347
49349
49353
49363
49365
49367
49377
49383
49385
49395
49401
32836
32874
49354
49167
32861
32931
49290
49316
32862
32988
33004
33020
32781
32889
32933
32995
49232
49305
32894
32914
32869
32983
32999
33017
49204
49221
49401
32906
32863
49295
49341
49367
32832
32855
49372
49255
49287
49381
49395
32786
33020
32873
49194
49198
49226
49258
49290
49306
49322
49324
49326
49374
49386
49406
49189
49205
49207
49225
49237
49269
49273
49301
49305
49313
49315
49317
49369
49381
49383
49399
32916
32823
32949
32961
32965
32983
33001
49170
49188
49202
49204
49218
49232
49248
49254
49266
49270
49314
49316
49318
49328
49336
49344
49153
49213
49215
49227
49275
49339
49341
49343
49371
49373
32930
32957
49152
49176
49247
49383
32778
32846
32921
49227
49385
32972
32863
32935
49264
49350
49363
32796
32810
32814
32826
32830
32858
32874
32878
32890
32922
32926
32958
32972
33004
33006
33018
33020
32771
32775
32785
32787
32809
32871
32887
32899
32903
32913
32921
32929
32937
32949
32961
32967
32969
32993
33001
33011
49362
49175
32770
32986
49152
49172
49267
32806
32880
32909
32963
49162
49194
49198
49210
49276
49290
49324
49338
49370
49372
49388
49402
49406
49159
49177
49193
49203
49249
49251
49255
49273
49285
49287
49289
49305
49329
49337
49351
49353
49363
32776
32972
33004
32791
32903
32981
49256
49153
49243
49343
32796
32906
32987
49239
49293
32782
32824
49166
49394
49391
32786
32810
32911
49186
49157
32831
32841
49330
49305
49309
32855
49197
49299
32860
32864
32965
49164
49247
32782
32878
33006
32777
32891
32951
33015
49164
49180
49194
49226
49244
49258
49274
49276
49324
49338
49342
49356
49370
49402
49153
49185
49209
49271
49289
49299
49319
49335
49337
49353
49399
32990
49216
49395
32782
32812
32946
32841
49172
49176
49188
49248
49272
49286
49300
49302
49312
49344
49181
49215
49267
49339
32910
32771
32857
32867
32899
33017
49197
49303
32986
32943
32965
32981
49247
49287
32903
32971
49164
49268
32804
32808
32963
49198
49340
49402
49185
32816
32872
32841
32941
49228
49258
49276
49292
49306
49308
49358
49372
49193
49207
49209
49239
49301
49305
49315
49337
49367
49369
32847
32985
49284
49167
49347
49391
32832
33001
49362
49287
32793
32847
32915
49158
49356
49297
32790
32820
32952
32998
32969
49168
49401
32802
32771
49223
49405
32939
32963
49394
49287
49299
32800
32820
32992
32825
33021
49268
49193
32970
32959
49370
49325
32774
32906
33018
32919
32985
33001
49210
49212
49226
49242
49262
49274
49278
49290
49310
49326
49356
49370
49388
49402
49153
49157
49161
49169
49171
49173
49177
49187
49221
49223
49235
49237
49249
49265
49273
49287
49299
49301
49349
49353
49363
49365
49379
49385
49399
32886
33014
32841
49184
49386
32784
32801
32803
32995
49168
49191
32792
32828
32898
32904
32988
49244
49181
32822
32832
32900
32932
33022
49356
49239
32796
32810
32842
32906
32958
32827
32917
32945
49170
49184
49188
49190
49248
49266
49312
49314
49330
49334
49396
49157
49195
49213
49245
49323
49355
49391
32800
32816
32818
32820
32832
32848
32856
32870
32880
32886
32902
32912
32918
32968
32976
32990
32994
32998
33008
32843
32861
32893
32909
32957
32971
32973
32989
33003
49227
49363
32792
32804
32771
49166
49314
49219
49399
32994
32865
49290
49375
32832
32851
49192
49221
32825
32835
49242
49189
49295
49377
32914
32920
32867
49174
49296
49315
49383
32930
49154
49165
49167
49257
49331
32770
32786
32988
33011
49200
49284
49167
49215
49227
49353
32922
32976
49275
49305
49371
32816
32974
32893
49328
32926
32971
49194
49210
49288
49338
49404
49201
49309
32799
33015
49178
49192
49290
49281
49303
49321
49335
49349
49363
49383
49401
32824
32983
49168
49244
49273
32839
32847
49239
49387
32847
32967
49356
49323
49405
32860
32799
32909
32967
16484
164
202
103
151
215
16414
16416
16418
16434
16450
16470
16472
16480
16484
16496
16538
16546
16560
16562
16596
16598
16610
16632
16427
16491
16493
16555
16559
16575
16587
16591
16603
16605
16621
16635
50
213
16498
16577
162
215
16412
16436
52
64
104
150
176
180
182
232
246
11
13
15
63
109
129
141
157
171
187
189
203
239
251
16394
16424
16538
16544
16546
16548
16552
16624
16491
16507
16589
6
209
16436
16593
28
86
95
135
16552
16593
54
206
65
153
16546
16517
16599
40
100
118
140
184
200
214
230
240
123
125
253
16504
16542
76
110
178
202
204
222
252
121
197
16558
16559
216
15
69
16392
16440
16486
16578
16608
16628
16511
16605
38
66
226
242
246
75
79
16388
16498
16513
16571
16573
16623
72
184
133
16436
16454
16468
16484
16542
16544
16566
16582
16592
16608
16630
16495
16587
78
145
173
16568
16597
84
171
16418
16500
16562
16397
16593
28
46
50
69
81
209
215
16446
16460
16586
16602
16387
16393
16397
16439
16457
16497
16513
16519
16521
16567
16581
16593
16599
164
204
16538
16552
156
230
129
187
16543
16593
54
69
16434
16593
118
228
199
16610
16583
2
36
54
66
114
164
176
194
232
242
125
171
191
193
221
16404
16420
16450
16564
16491
16583
155
245
16414
16519
16619
52
126
16526
16608
16509
16573
242
209
16414
16433
16637
204
224
3
133
16568
16581
16597
52
197
16398
16462
16403
16635
46
76
180
204
69
121
199
215
16460
16552
16588
16602
16385
16393
16457
16545
16593
50
52
56
72
86
102
142
178
184
226
240
246
248
63
93
109
111
123
237
251
16482
16498
16411
16537
80
98
146
162
168
210
240
248
23
43
91
93
187
219
16432
16524
16582
16397
189
215
16394
16396
16540
16570
16586
16588
16636
16439
16453
16465
16497
16505
16557
16581
16583
16593
16599
14
36
38
66
72
80
82
114
164
198
216
224
226
230
240
248
43
107
111
123
127
173
235
237
239
251
16434
16513
16597
42
74
126
138
218
236
9
25
31
55
69
85
89
103
131
135
151
193
209
215
217
243
245
247
16462
16540
16568
143
215
16480
16496
16546
16566
16535
28
184
141
179
16607
30
114
168
182
59
61
111
205
16468
16526
16550
16513
16619
142
240
109
16420
16438
16456
16488
16500
16502
16524
16526
16548
16576
16630
16632
16429
16575
16619
26
28
76
90
110
162
170
202
204
1
17
23
65
73
97
131
145
149
161
179
199
201
209
215
16610
16583
16593
4
8
34
50
82
102
166
180
228
11
15
59
123
155
215
16588
16626
12
26
74
110
136
138
156
202
204
234
9
19
33
39
55
67
69
71
101
113
121
153
179
197
199
209
215
245
16466
16552
16626
16636
12
50
202
73
199
209
16414
16448
16608
16614
16624
16461
16513
16637
156
168
184
129
255
16394
16434
16446
16474
16526
16602
16604
16620
16638
16387
16391
16393
16417
16421
16433
16451
16453
16469
16473
16497
16503
16515
16519
16551
16583
16595
16597
16615
16617
16633
123
16412
16428
16430
16444
16460
16474
16492
16508
16526
16542
16566
16586
16588
16602
16604
16606
16393
16401
16403
16405
16407
16409
16425
16433
16453
16455
16465
16471
16485
16497
16513
16535
16545
16551
16581
16593
16625
16629
16631
69
95
16434
16427
9
19
151
171
16566
16568
16582
16517
16573
50
92
176
16488
16536
16453
160
69
16398
16454
16478
16621
164
209
16542
16443
180
41
207
16550
16453
242
73
209
16400
16486
16578
16584
16600
16445
16539
16623
28
104
125
16568
16590
36
16424
16496
16542
16610
16624
16571
16587
16637
34
69
16436
16488
16588
132
209
215
16438
16593
26
46
58
74
76
92
126
170
174
186
206
218
220
228
234
250
252
9
23
41
49
53
55
57
65
67
69
73
81
87
89
103
113
115
145
153
163
183
197
199
209
229
16548
16513
162
69
16498
16453
16499
16583
16593
16599
52
70
226
16384
16390
16392
16416
16496
16514
16548
16566
16578
16626
16632
16399
16411
16443
16445
16447
16493
16527
16541
16555
16593
16607
16637
36
33
16412
16508
16540
16570
16572
16586
16610
16636
16393
16439
16441
16453
16581
16583
16593
16599
16609
12
228
230
91
135
16394
16521
16555
56
153
155
171
16393
16453
16573
10
112
120
166
182
226
246
123
187
237
255
16468
69
237
16434
16474
16634
28
253
16436
16452
16456
16472
16484
16486
16498
16500
16504
16562
16578
16608
16612
16509
16511
16573
16575
16619
16637
38
215
16390
16392
16404
16422
16436
16448
16452
16468
16470
16488
16496
16502
16514
16516
16530
16546
16550
16552
16560
16564
16568
16580
16582
16598
16600
16608
16612
16616
16626
16632
16385
16395
16397
16399
16427
16463
16491
16493
16523
16541
16557
16589
16605
16623
74
82
190
81
16564
16519
16535
16623
36
120
130
178
33
16539
16607
52
81
16462
16568
199
209
215
16434
16546
16449
16599
148
25
43
16458
16614
16453
16593
16599
14
26
28
58
60
140
142
154
172
188
234
236
238
250
17
33
49
69
73
81
89
99
103
105
133
165
167
175
193
199
215
217
243
247
249
16488
16405
98
226
209
16504
16409
92
178
23
16476
16409
16455
16473
16577
16583
16593
66
68
82
96
102
166
168
178
200
224
230
232
240
246
1
43
123
187
189
235
16418
16450
16616
184
69
16394
16396
16460
16540
16588
16610
16618
16401
16409
16419
16425
16441
16451
16453
16497
16513
16515
16525
16563
16577
16581
16583
16593
16597
16599
16609
8
18
52
70
96
100
120
166
184
244
15
221
235
16454
16573
17
175
16434
168
184
49304
49219
32794
32856
32878
32919
49298
49379
32898
32954
49158
49187
49237
32836
32769
49218
49386
32784
32951
49296
49321
32768
32919
49404
49163
49219
32920
32964
32835
32875
32955
33021
49170
32800
32880
32917
49170
49369
32832
33015
49194
49292
49173
49191
49257
49317
32846
32920
33023
49154
49395
32916
32811
49360
49383
32840
32854
49216
49344
49215
32792
32857
49304
49181
32826
32904
49164
49304
32880
32920
49188
49216
49359
32920
49172
49271
32779
32823
49181
49233
49331
32920
32773
49238
49304
49213
32786
32851
49266
49386
32786
32807
32829
49220
49298
49304
49352
49181
32794
32980
49160
49217
32982
32819
49170
49187
32818
33009
49277
32772
32885
49168
49172
49202
49222
49236
49286
49304
49332
49336
49360
49183
49263
49291
49407
32848
32915
49296
49312
49316
49163
49165
49369
32834
49210
49304
49390
32830
32836
32920
49168
49296
49181
32784
32835
49304
49235
32920
32964
32947
32973
49192
49326
32784
32786
32904
32803
33005
49360
49285
49289
49297
32770
32772
32896
32900
32916
32920
32928
32930
32797
32893
32971
49152
49304
49353
32912
32960
49184
49268
49344
49161
49211
32808
32769
32843
32991
49184
49364
49402
49285
32815
32863
32905
32917
49216
49294
32880
32960
32793
32975
49166
49304
32797
32873
49186
49155
49159
49177
49227
32920
32841
49155
49159
49173
49177
49199
49303
32858
32974
32801
32831
49208
49258
49231
32774
32786
32792
32806
32836
32864
32912
32920
33008
32829
32987
49152
49158
49176
49248
49288
49296
49298
49304
49360
49392
49179
49181
49245
49259
49291
49355
49373
49403
32834
32937
49168
49185
32836
33008
49350
49393
32772
32864
32882
32912
32920
32944
32948
33016
32827
32877
32973
33003
49216
49299
32836
32904
32920
32962
32863
32925
49192
49315
32920
32936
32845
32875
33023
49170
32896
32920
32924
32971
49288
32886
32791
49236
49334
49348
49157
49229
32790
32819
32985
49268
49282
49286
49304
49362
49243
32920
32895
49304
49369
32843
32905
49220
49348
49153
32941
32949
49246
49181
32966
32805
49242
49304
32780
32980
32827
32863
49205
49227
49321
32866
32951
32995
49208
49173
49299
32784
32974
32933
33013
49199
49227
49375
32920
32851
49170
49338
32772
32974
49304
32850
32823
32949
49218
49292
49359
49377
32908
32779
49158
49207
32816
32876
49346
49301
49377
32822
32864
32884
32888
32920
32960
32968
32976
32980
32799
32807
32829
32875
33007
49394
49353
32824
32832
32966
32982
32863
49208
49159
32882
32839
49216
49171
32794
32822
32847
32897
49240
49338
32786
32958
49270
32854
32993
49216
49161
32910
32954
32785
32823
32839
32865
32967
32991
49340
49352
49235
32898
32821
49296
49304
49321
32836
32975
49168
49304
32980
49158
49168
49186
49220
49236
49264
49288
49296
49304
49181
49347
49355
49359
32768
32785
49194
49346
49255
49399
32832
32775
32991
49152
49255
32780
32812
32900
49306
49177
49215
49285
49393
32786
32858
49168
49214
49288
49312
32794
32905
49162
49304
32920
49288
32886
32920
32963
16418
16422
16432
16438
16468
16580
16596
16626
16479
16515
16517
16571
16591
16
86
16498
16586
16457
16567
192
169
16636
16487
40
56
159
16414
16389
16393
16407
16507
16513
16519
16529
16625
70
150
155
191
16402
16411
16451
110
192
59
16422
16598
16397
75
225
16398
16460
16556
16570
16620
16389
16393
16409
16431
16435
16437
16473
16547
16567
16611
16613
16629
73
155
16432
16492
47
73
121
16432
16397
16461
14
30
74
250
3
25
57
121
165
197
207
225
16436
16438
16440
16448
16450
16452
16454
16522
16546
16568
16592
16387
16407
16459
16509
16521
16529
16555
16573
16589
16605
16619
16635
12
34
48
64
66
84
96
104
120
138
156
184
196
216
232
1
129
173
189
191
207
239
16418
16434
16438
16448
16488
16557
16575
16587
16609
42
92
106
122
138
154
156
158
236
5
7
17
21
23
25
37
73
79
101
113
133
137
153
167
169
227
229
233
16522
16554
16634
16431
16437
16479
16583
82
86
120
212
223
16464
16508
14
48
7
55
133
181
229
16451
16523
48
16430
16482
16510
16554
16570
16578
16387
16389
16391
16401
16405
16439
16501
16529
16583
60
94
114
194
19
39
201
16450
16496
16582
16401
16427
16591
232
105
159
16422
16541
20
176
181
16554
16562
16620
16457
16505
16549
16609
208
225
16385
16459
212
121
16396
16436
16438
16450
16452
16456
16405
16477
16507
16509
16575
32
68
86
96
142
178
200
212
232
240
45
75
79
131
189
16432
16539
34
74
210
105
193
199
229
16398
16496
16385
48
139
16396
16412
16442
16458
16460
16474
16476
16492
16494
16510
16524
16526
16538
16540
16542
16554
16556
16558
16604
16622
16634
16638
16387
16391
16393
16403
16405
16419
16421
16435
16449
16453
16455
16457
16469
16471
16473
16481
16497
16501
16503
16505
16513
16521
16533
16537
16545
16547
16549
16563
16565
16567
16569
16577
16579
16583
16593
16595
16597
16607
16613
16617
16627
16631
110
191
16614
16525
82
142
202
7
17
19
37
49
53
103
121
151
165
177
199
215
233
16464
16453
16489
34
194
21
37
149
16394
16410
16412
16462
16478
16506
16594
16602
16622
16391
16421
16473
16515
16519
16569
16631
38
70
80
102
120
158
210
214
45
207
219
235
16446
16464
110
174
79
151
16416
16450
16470
16560
16578
16393
16427
16463
16479
16507
16621
76
170
39
63
67
113
149
16594
16634
16453
16455
16473
16549
16551
16583
208
5
161
16398
16410
16476
16494
16522
16526
16602
16634
16387
16393
16403
16425
16433
16441
16457
16469
16479
16485
16497
16501
16503
16505
16513
16517
16521
16533
16537
16563
16581
16585
16609
16611
16615
16617
16625
16627
16631
16633
80
126
16432
16558
20
32
127
16416
16418
16434
16500
16562
16391
16463
16477
16519
12
26
94
106
190
250
19
21
25
33
53
81
85
89
99
101
107
121
131
133
145
147
153
161
165
183
197
199
209
231
233
16458
16480
80
140
250
16422
16440
16452
16464
16472
16480
16482
16496
16504
16548
16580
16582
16594
16600
16610
16612
16630
16389
16459
16463
16509
16519
16603
210
185
199
16477
133
169
16432
16456
16584
16628
16461
170
192
191
16404
16505
16553
16629
244
79
237
16414
16464
16540
16554
16606
16636
16638
16385
16421
16435
16457
16481
16529
16545
16547
16549
16551
16561
16611
16625
16633
170
210
73
121
199
16414
16526
16405
16409
16431
16521
16529
16625
178
180
214
219
221
16432
16568
16395
16575
32
38
72
104
114
118
120
138
140
182
184
214
228
244
246
1
43
59
63
123
125
129
137
149
171
173
175
187
189
203
207
221
223
239
16442
16444
16542
16554
16437
16455
16463
16531
16547
16565
16577
16581
16601
16625
16633
74
80
170
206
220
115
121
225
16494
16605
38
82
184
208
107
149
151
153
187
189
207
221
16396
16462
16476
16494
16510
16586
16592
16391
16403
16409
16453
16481
16489
16519
16569
16579
16597
16613
16617
16633
12
48
54
118
154
160
226
63
207
221
16420
16422
16452
16480
16500
16502
16548
16562
16564
16596
16628
16387
16459
16477
16509
16573
16575
16589
64
80
129
16560
16634
20
150
16594
16611
10
38
88
142
244
5
189
207
219
16432
16446
16513
16613
16
191
16398
16458
16574
16590
16447
16517
36
80
182
226
242
244
3
17
63
79
91
145
189
16424
16432
16434
16450
16452
16470
16480
16500
16502
16538
16540
16548
16552
16560
16562
16632
16385
16401
16409
16463
16477
16515
16517
16557
16573
16591
16603
12
14
26
30
60
76
94
106
108
110
122
124
140
142
154
158
174
186
188
190
210
234
236
238
252
254
5
7
17
19
23
25
39
55
67
71
73
87
101
103
105
113
115
129
133
135
137
145
149
163
165
169
181
183
185
199
201
215
227
233
241
243
245
249
16432
16434
16560
16580
16612
5
79
153
203
16428
16604
16447
16455
16485
16551
16633
74
208
33
16565
16575
52
196
15
16434
16456
16472
16548
16564
16582
16385
16463
16559
194
129
241
16543
139
16394
16398
16414
16424
16426
16428
16430
16444
16458
16460
16462
16474
16476
16478
16490
16494
16510
16524
16538
16554
16574
16604
16606
16620
16622
16387
16389
16401
16403
16407
16419
16421
16435
16455
16457
16469
16483
16485
16487
16489
16519
16529
16533
16547
16553
16563
16569
16579
16581
16583
16599
16611
16613
16625
16629
48
82
192
212
16416
16418
16494
16498
16582
16587
16607
212
13
16592
16622
13
16596
16589
116
212
23
75
125
189
207
219
221
16456
16466
16480
16488
16496
16526
16538
16592
16628
16391
16409
16493
16519
16535
16573
16607
17
91
235
16410
16424
16432
16502
16504
16546
16548
16580
16584
16592
16600
16614
16632
16387
16401
16409
16463
16515
16535
16635
38
80
138
180
184
192
208
216
232
1
5
9
61
127
129
145
149
151
191
205
221
223
237
239
16387
16403
16639
56
11
16432
16609
74
76
122
172
238
250
9
63
69
101
119
121
181
185
197
227
247
249
16464
16607
10
14
26
60
74
76
78
110
122
124
126
156
158
170
172
186
190
204
220
234
236
252
1
5
9
17
21
23
25
35
41
51
55
57
71
83
85
87
95
105
113
117
131
135
137
163
169
177
179
193
197
199
211
213
215
217
225
227
241
249
16466
16636
16457
16505
16591
155
243
16448
16456
16482
16580
16385
16391
16401
16405
16407
16409
16427
16571
56
16486
16395
48
250
16426
16428
16458
16624
16636
16455
16505
16567
16633
82
154
180
131
187
235
16432
16444
16517
16521
94
155
16428
32
212
129
16444
16466
16611
48
249
16578
16537
16609
194
17
121
133
16394
16396
16412
16434
16498
16592
16628
16463
16475
16479
16495
16509
16519
16533
16587
102
16432
16397
96
122
16436
16486
16558
12
26
30
58
90
130
142
172
174
206
222
236
254
23
25
37
135
137
149
151
163
165
185
193
211
213
215
233
247
16480
16528
28
40
54
66
70
80
88
96
120
138
140
162
180
182
196
198
226
9
59
77
131
137
147
173
189
191
207
221
49170
49180
49194
49196
49198
49228
49242
49276
49292
49306
49308
49324
49326
49342
49358
49374
49406
49161
49193
49205
49221
49225
49235
49239
49241
49269
49283
49287
49289
49345
49347
49353
49367
49385
49401
32916
32944
49276
49374
49406
49201
49231
49237
49313
32834
32932
32962
33016
32879
49178
49182
49214
49230
49290
49370
49394
49157
49159
49171
49225
49269
49285
49287
49297
49305
49351
49369
32838
32864
33012
33019
49272
49310
49153
32914
32992
33010
33019
49180
49230
49292
49169
49281
32861
32911
49246
49320
49349
49353
32916
32911
49188
49190
49204
49240
49252
49290
49336
49400
49175
49279
49391
32859
32929
49178
49194
49198
49234
49260
49338
49340
49342
49354
49370
49404
49189
49201
49205
49249
49315
49321
49349
49361
49363
49367
49383
33023
49156
33014
49258
49191
49295
49315
49335
49393
32798
32818
32922
32930
32769
32961
32977
49217
49323
32866
32886
32932
32948
32950
32994
33000
32815
32875
49272
32862
33000
49296
49295
32864
32849
49220
49280
49243
49405
32914
32962
32994
49164
49204
49382
32884
32970
32789
49181
49383
32883
32911
49154
49182
49204
49316
49330
49376
49400
32782
32834
32856
32886
32934
32978
32992
32777
32891
32917
49154
49336
49400
32814
32894
32942
32990
32847
32883
32905
32913
32979
49208
49272
49374
32770
49238
49240
49292
49294
49314
49316
49332
49384
49392
49159
49195
49263
49327
32780
32864
32866
32922
32978
33000
33008
32793
32875
32943
33019
49300
32876
32781
32979
49266
49358
49374
49153
32786
32988
32835
32881
32903
49164
49212
49290
49394
49191
49269
49393
32804
32838
32872
32922
32924
32936
33010
33016
32845
32861
32875
32921
32989
49280
49378
32954
32799
32871
32883
49224
49284
49384
49391
32772
32849
32977
33001
33009
49293
49307
32782
32824
32850
32996
33014
32943
49162
49178
49194
49198
49210
49214
49228
49258
49274
49276
49290
49308
49322
49324
49340
49356
49370
49372
49386
49388
49390
49402
49404
49406
49155
49173
49175
49185
49193
49201
49203
49205
49207
49217
49219
49233
49247
49249
49251
49257
49265
49269
49271
49283
49315
49317
49321
49329
49331
49333
49347
49349
49361
49365
49367
49377
49381
49385
49393
49399
49401
32774
49176
49320
49380
49400
49327
32774
32825
49160
32808
32838
32866
32952
32994
32998
33016
32773
32827
32829
32903
32915
32939
32955
49166
49204
49222
49289
49339
32920
49166
49190
49220
49236
49266
49318
49382
49398
49199
49261
49263
49277
49279
49407
33016
32779
32849
32913
49234
49280
32802
32844
32943
49213
49217
32794
32796
32812
32830
32842
32844
32858
32860
32874
32876
32878
32892
32894
32906
32910
32924
32926
32938
32940
32956
32972
32974
32990
33002
33006
33018
33020
33022
32773
32775
32789
32791
32805
32819
32821
32833
32835
32837
32839
32841
32847
32851
32853
32855
32857
32867
32873
32881
32883
32885
32887
32889
32897
32901
32913
32917
32921
32929
32953
32963
32965
32967
32969
32977
32979
32981
32993
32995
32997
32999
33001
33009
33011
33013
33015
33017
49166
49290
49306
49308
49376
49392
49396
49197
49289
49305
49389
49403
32810
32812
32814
32830
32874
32890
32940
32942
32956
32970
32972
33002
33022
32801
32805
32807
32809
32817
32819
32823
32825
32837
32839
32849
32851
32853
32871
32881
32885
32915
32929
32945
32963
32965
32977
32979
32983
32993
49154
49349
32909
49170
49265
32818
32922
32965
32967
49170
49196
49212
49278
49322
49201
49207
49273
49367
32920
32821
49190
49235
32908
32922
32936
32952
32976
33008
32791
32875
32879
33019
49222
49217
32786
32810
32862
32878
32940
32970
32823
32873
49298
32840
32919
33021
49352
49201
49205
32898
32825
49245
49261
49387
32794
32802
32808
32864
32868
32950
32960
32976
33000
32769
32829
32831
32875
32973
33019
33021
49280
32848
32872
32906
32773
32915
33005
49362
49398
32784
32929
49224
49347
32770
49164
49210
49212
49214
49274
49326
49342
49354
49372
49388
49406
49153
49157
49185
49187
49189
49191
49193
49201
49203
49235
49247
49249
49251
49253
49255
49265
49267
49269
49271
49273
49281
49283
49299
49313
49317
49321
49329
49331
49333
49335
49337
49345
49347
49363
49365
49367
49379
49381
49383
49393
49397
49401
49288
49300
32898
32877
49160
32798
32922
32811
32943
49370
49400
32802
32816
32834
32868
32886
32888
32934
32950
32984
32994
33000
32893
32897
32905
32989
49154
49400
32838
32942
32988
49246
49263
32825
32911
49218
49238
49306
49368
49351
32872
32948
32978
32998
33008
32859
32905
32943
32989
33005
33023
49186
49358
32802
32872
32884
32922
32928
32950
32952
33012
32791
32939
32957
49240
49318
49382
49398
49157
49263
49289
49305
49387
49389
49403
49405
32849
32989
49286
32804
32806
32820
32838
32922
32928
32944
33008
32775
32785
32903
32943
32989
33003
49186
49246
49290
49372
49177
49223
49281
49287
49351
49365
32778
32847
32917
32939
49186
49310
49314
49330
49370
49372
49169
49281
32823
32847
49183
32834
32866
32952
33016
32813
32829
49156
32838
32968
32970
33018
32913
49165
49209
49363
32794
32850
32983
49182
49202
49308
49153
49217
49285
49301
32834
32875
49218
49300
32800
32864
32926
32930
32992
33010
32775
32829
32919
33021
33023
49170
49226
49340
49219
49289
49363
49367
32786
32897
32961
49154
32822
32824
32840
33000
49181
32808
32906
33016
49342
49378
32818
32846
32906
32769
32869
32919
32983
33009
33013
49218
49256
49314
49346
49378
49396
49211
49341
49403
49407
32810
32828
32858
32890
32801
32805
32847
32929
32931
49270
49235
32786
32977
32993
49218
49256
49310
32910
32926
32994
32791
32839
32857
49156
49271
32799
32865
49233
32866
33023
49246
49270
49330
32792
32897
49181
32797
32843
49152
49214
49246
49390
49189
49201
49257
49319
49329
49349
49377
49393
32778
32800
32806
32840
32908
32994
32998
33016
49214
49262
49278
49342
49356
49374
49187
49189
49191
49217
49231
49253
49281
49329
49377
49401
32784
16496
16590
124
152
238
254
1
99
161
167
225
16454
16391
93
147
16401
16543
16577
16583
16585
16593
16631
212
29
233
16410
16494
16506
16558
16570
16586
16385
16407
16421
16425
16433
16435
16469
16479
16481
16483
16533
16535
16561
16563
16565
16569
16579
16585
16593
2
70
108
209
16414
16426
16428
16430
16444
16446
16460
16474
16476
16478
16490
16492
16506
16508
16510
16522
16524
16540
16542
16554
16556
16558
16570
16572
16574
16586
16588
16590
16602
16604
16606
16618
16620
16634
16636
16638
16385
16391
16393
16401
16407
16409
16417
16419
16423
16425
16433
16435
16437
16441
16449
16451
16453
16455
16465
16467
16469
16471
16481
16483
16485
16487
16489
16497
16499
16501
16503
16505
16513
16517
16519
16535
16537
16545
16547
16549
16551
16553
16561
16563
16565
16567
16569
16577
16579
16581
16583
16585
16593
16595
16597
16601
16609
16613
16615
16617
16625
16627
16629
16631
16
54
70
94
152
164
200
208
216
226
13
61
91
111
159
221
251
16402
16528
16617
4
8
32
38
52
64
70
72
82
94
96
104
116
118
144
146
160
164
166
168
176
182
194
200
212
214
226
240
244
15
27
61
91
109
111
141
143
155
159
187
189
203
221
239
255
16392
16387
16483
16493
10
106
130
33
71
83
209
233
16598
16413
16539
16569
42
124
186
218
17
41
71
81
85
87
97
103
117
119
121
159
165
177
209
16520
16620
16435
16487
16541
16593
108
110
152
188
218
209
223
231
16400
16430
16470
16510
16518
16528
16395
16441
16489
106
124
126
144
53
163
179
209
16544
16475
16555
16611
96
152
7
16416
16418
16578
16584
16443
16557
16573
16637
91
227
16454
16514
16593
106
108
124
144
186
190
252
254
103
165
193
209
215
229
231
243
16396
16459
16495
10
28
30
42
44
60
62
78
94
106
108
122
124
140
142
158
170
172
174
186
190
202
206
218
234
236
238
250
252
254
1
3
7
17
19
23
25
33
35
37
39
41
49
53
57
65
69
81
87
97
99
101
103
105
113
117
121
153
161
163
169
177
179
185
193
197
199
209
213
225
229
231
241
243
245
247
249
16384
16386
16392
16402
16416
16448
16450
16454
16456
16464
16466
16478
16484
16496
16498
16500
16504
16512
16514
16520
16530
16532
16534
16536
16546
16562
16584
16596
16598
16600
16608
16616
16626
16630
16395
16443
16461
16475
16477
16491
16495
16511
16523
16543
16557
16589
16603
16619
16639
0
2
62
144
190
16456
16602
16593
16
50
56
68
84
102
200
210
91
159
235
16450
16492
16593
124
190
220
69
83
101
113
115
197
199
209
16492
16581
16593
28
62
186
238
17
41
53
79
89
119
165
185
209
231
233
247
249
16384
16418
16482
16512
16528
16574
16610
16569
218
77
209
16401
16485
16505
16543
16563
16593
16613
128
9
16602
16461
16539
16561
16593
114
210
91
16467
16559
16579
108
122
124
130
250
51
97
99
101
115
117
163
179
183
209
213
215
229
231
233
243
249
16402
16514
16497
16543
16593
72
7
75
16442
16494
16506
16510
16516
16534
16570
16602
16620
16437
16593
16615
147
205
211
16454
16584
16606
16475
16543
16637
106
122
218
234
33
37
103
139
167
193
209
16396
16414
16428
16442
16444
16458
16460
16476
16478
16490
16492
16494
16508
16510
16522
16524
16554
16558
16570
16572
16574
16602
16604
16618
16636
16638
16385
16387
16391
16401
16403
16405
16407
16417
16419
16425
16433
16437
16439
16441
16451
16457
16465
16467
16469
16471
16473
16483
16485
16487
16489
16499
16505
16517
16531
16545
16549
16553
16561
16565
16569
16577
16581
16583
16593
16595
16611
16617
16625
16629
16631
16633
62
92
94
108
170
218
23
79
99
105
115
177
185
209
16394
16584
16391
94
200
29
43
47
91
159
16428
16430
16490
16508
16528
16401
16409
16471
16481
16489
16599
16631
72
106
254
23
209
16442
16444
16492
16524
16554
16586
16604
16606
16618
16620
16634
16638
16387
16401
16405
16409
16421
16423
16425
16439
16465
16467
16469
16485
16499
16501
16511
16517
16521
16535
16547
16561
16569
16577
16583
16585
16593
16597
16599
16601
16615
16625
16627
16633
3
15
79
95
115
211
16394
16396
16398
16410
16414
16426
16428
16430
16442
16444
16446
16458
16460
16474
16476
16490
16494
16506
16510
16524
16526
16538
16554
16556
16558
16570
16572
16574
16586
16588
16590
16602
16606
16618
16620
16622
16634
16638
16385
16387
16391
16393
16401
16405
16407
16409
16417
16419
16421
16423
16433
16435
16437
16439
16441
16449
16451
16453
16463
16465
16467
16469
16471
16481
16483
16489
16497
16499
16501
16503
16517
16519
16521
16529
16535
16537
16545
16547
16549
16551
16553
16561
16563
16565
16567
16577
16579
16581
16583
16593
16597
16599
16601
16609
16611
16613
16615
16617
16625
16627
16629
16631
16633
46
84
98
57
16384
16446
16490
16494
16536
16572
16574
16604
16634
16425
16485
16593
16625
6
16
22
24
64
80
84
94
114
116
118
130
162
166
214
228
13
45
75
91
155
159
173
189
16454
16606
16475
16569
20
22
24
34
54
66
68
78
80
94
96
118
130
166
200
208
212
230
232
91
159
171
235
253
16385
16411
16521
16593
152
209
16528
16602
16435
16437
16485
16547
16577
16593
16627
6
46
98
134
148
13
233
16407
16431
16467
16569
16577
16593
16595
152
23
33
39
193
209
215
241
249
16386
16400
16402
16434
16438
16454
16462
16466
16470
16486
16496
16500
16504
16514
16518
16520
16534
16550
16562
16564
16582
16584
16592
16594
16598
16600
16610
16612
16614
16624
16626
16628
16415
16443
16475
16477
16491
16493
16509
16525
16573
16587
16589
16637
16639
164
169
253
16444
16492
16522
16526
16554
16556
16558
16602
16634
16638
16401
16423
16435
16463
16465
16483
16487
16489
16501
16505
16533
16585
16593
16599
16615
148
23
49
193
197
213
16507
16593
86
102
120
164
7
27
173
175
16431
16451
16531
26
44
76
92
108
138
152
170
186
190
202
254
25
81
105
121
165
177
185
199
209
16428
16490
16514
16588
16602
16620
16409
16417
16423
16425
16439
16453
16471
16579
16593
16595
16613
16617
16625
52
68
88
94
184
194
196
200
63
93
171
219
16387
16477
10
20
38
40
68
96
168
176
200
214
246
95
109
139
16530
16554
16385
16577
16593
170
111
209
16442
16490
16508
16530
16539
16561
8
24
32
34
52
54
66
70
72
80
94
96
118
120
130
136
148
152
178
180
196
200
208
212
216
226
248
13
27
91
93
109
111
141
159
171
173
187
189
203
221
239
251
16418
16454
16528
16578
16427
16557
16559
16589
4
60
154
250
49
129
209
229
241
16414
16442
16444
16490
16492
16554
16558
16590
16602
16620
16636
16387
16401
16403
16409
16423
16425
16435
16449
16453
16455
16465
16473
16485
16487
16499
16505
16515
16529
16533
16545
16547
16549
16561
16563
16567
16569
16577
16583
16593
16597
16615
16629
16633
110
116
16431
16499
170
127
165
209
233
16518
16544
16548
16399
16467
16635
24
32
36
78
82
88
192
210
212
228
242
31
43
59
171
187
237
253
16400
16404
16408
16420
16436
16440
16448
16450
16456
16466
16478
16504
16518
16520
16536
16546
16552
16578
16580
16594
16600
16395
16413
16507
16511
16539
16557
16571
16575
16635
16637
106
157
209
16458
16476
16490
16492
16506
16508
16554
16574
16602
16622
16636
16638
16385
16409
16419
16425
16435
16439
16453
16469
16479
16499
16519
16533
16535
16549
16561
16567
16577
16579
16593
16597
81
83
127
195
16522
16397
16401
16451
16593
18
86
185
16390
16402
16406
16424
16434
16436
16438
16440
16448
16450
16452
16464
16466
16468
16470
16472
16478
16480
16488
16496
16512
16514
16528
16534
16546
16550
16560
16566
16578
16580
16584
16592
16596
16600
16612
16628
16397
16413
16429
16445
16459
16461
16475
16491
16493
16495
16571
16573
16589
16605
16623
2
56
68
86
162
164
7
91
111
123
173
16554
16415
16533
16593
46
94
148
206
41
185
233
16504
16483
160
155
185
16606
16423
16521
16585
16593
16625
130
209
16398
16426
16442
16474
16574
16602
16604
16620
16385
16389
16391
16417
16419
16421
16471
16479
16481
16483
16485
16497
16535
16549
16551
16553
16561
16563
16567
16579
16593
16597
16633
14
26
44
58
92
94
106
108
138
152
170
172
186
190
218
220
238
250
252
254
3
5
7
9
17
19
23
33
41
51
57
69
73
89
99
101
105
113
115
117
129
133
135
137
145
147
165
177
185
193
199
201
209
215
233
16391
16555
2
14
30
44
90
108
126
138
140
142
154
172
174
202
204
250
254
21
33
51
55
57
67
69
99
103
105
113
115
117
121
135
163
165
177
183
209
217
225
229
233
247
249
16403
16463
16465
16495
60
106
108
126
152
170
186
190
202
218
220
252
254
3
9
17
21
23
41
55
69
81
87
89
99
105
115
169
177
185
209
215
233
16483
16531
16543
10
34
70
116
118
198
200
109
171
205
16492
16514
16530
16602
16604
16385
16465
16485
16561
16593
16599
16617
72
78
92
170
186
190
220
25
83
87
99
103
115
135
165
181
209
16454
16456
16472
16562
16389
22
70
247
16454
16608
16391
16461
150
209
16403
16451
16495
16547
0
46
58
108
170
25
41
105
119
177
181
183
209
229
233
16445
16465
111
205
16466
16536
16602
16437
16593
16629
136
188
236
91
113
209
233
16386
16408
16416
16418
16434
16438
16448
16452
16454
16470
16472
16488
16504
16514
16516
16530
16532
16544
16546
16548
16552
16560
16562
16566
16578
16580
16582
16594
16624
16411
16415
16431
16461
16495
16523
16525
16527
16539
16541
16543
16555
16559
16571
16575
16621
16637
20
34
86
7
27
29
93
127
16478
16496
16590
16624
28
46
60
62
90
106
110
124
190
202
220
234
252
254
17
23
33
39
41
71
85
97
99
101
113
115
117
119
163
165
167
169
181
201
209
231
245
247
16394
16582
16610
111
193
209
217
16388
16466
16536
16556
16501
16593
2
10
84
171
253
16454
16478
16569
6
90
140
188
39
89
209
233
16385
16471
16593
2
36
66
84
86
100
102
114
162
182
192
194
200
230
240
27
31
91
123
127
155
171
175
221
235
253
16392
16440
16475
16483
10
70
112
171
16522
16536
16593
16617
32
34
52
64
68
70
72
78
82
84
88
94
100
114
152
168
178
200
210
226
232
27
45
75
91
123
155
159
205
253
16461
16467
16577
16593
0
66
134
144
150
152
193
225
231
16434
16498
16600
16619
4
46
124
142
37
169
249
16386
16414
16444
16490
16492
16506
16554
16572
16483
16499
16551
16577
16593
16625
34
70
128
155
185
203
49380
49303
32926
32952
49165
49239
49271
49333
49399
32768
32905
49178
49202
32926
32946
32952
32987
49226
49336
49249
32960
32967
49384
49303
32792
32812
32918
32855
32911
49154
49242
49177
49313
32816
32917
49178
49360
33000
32823
49240
49342
49382
32772
32774
32860
32972
49200
49294
49308
49283
49289
32926
32994
49180
49308
49297
32901
32929
32967
32975
49220
49377
33010
33012
33022
32911
49360
49386
32960
49288
49209
49219
49235
49311
49383
32897
32957
49168
49228
49239
32768
32816
32848
32926
32930
32952
32960
32779
49384
49225
32994
32913
49344
49187
32934
32952
32791
49184
49305
49375
32788
32819
32935
49196
49181
49233
49299
49395
32814
32886
32952
32994
32998
33010
32831
32975
49192
49344
49203
32848
32940
49362
49259
32834
32868
32964
32992
33000
33016
32861
32907
32925
49210
49360
49297
32784
32857
32901
49217
49283
49393
32768
32808
32834
32850
33016
32863
33023
49154
49241
49353
49375
32772
32786
32960
32967
49244
49261
32896
32916
32773
32831
32957
49364
49265
32946
32787
49182
49256
32850
32863
32931
49239
49261
33010
32905
49346
49297
32893
49180
49242
49343
32978
32847
49208
32850
32899
49168
49358
49191
49225
49239
49337
32894
32972
32783
32833
32919
49234
49320
49211
49375
32812
32856
33022
32785
49154
49160
49168
49176
49188
49200
49204
49220
49248
49254
49264
49268
49270
49276
49282
49288
49298
49320
49360
49376
49382
49392
49396
49163
49167
49215
49245
49259
49261
49277
49279
49291
49293
49295
49325
49327
49339
49341
49343
49359
49371
49375
49391
49405
32884
32926
32962
32829
49262
49215
32996
32789
49194
49278
49183
49207
49239
49303
32906
33016
49176
49322
49221
32930
32956
32973
49298
49241
49295
49367
32784
32812
32949
49280
49370
49395
32790
32812
32817
32839
32929
32937
49305
32860
32902
32879
49218
49301
32978
32897
49210
49344
32962
32901
32921
49228
49300
49183
49349
32850
32919
49168
49194
49299
32776
32842
32931
32963
49172
49161
49259
49357
49375
49387
33014
32901
49234
49297
32926
32931
32959
49394
49313
49341
32768
32776
32788
32792
32820
32822
32872
32882
32886
32916
32928
32930
32952
32984
32994
33014
32781
32827
32831
32877
32879
32893
32911
32925
32927
32941
32973
32975
32991
33003
33007
49228
49247
32884
32888
32769
49178
49380
32792
32844
32873
32931
32967
49174
49241
49347
49351
32831
32913
49346
49177
32944
32841
32913
49166
49204
32812
33023
49166
49275
32852
32833
49228
49352
49185
49313
33014
33022
49289
49375
32768
32844
32990
32787
49176
49300
49315
49395
32834
32944
32861
49173
49371
33016
49154
49209
49223
49225
49239
49273
49351
49353
32972
32799
32851
32915
49174
49242
49304
49372
32814
33006
33016
49152
49248
49254
49270
49382
49394
49163
49215
32859
32969
49152
49194
49212
49276
49322
49326
49342
49372
49187
49193
49221
49223
49235
49251
49271
49333
49349
49385
49395
49399
32896
32990
32781
32887
49217
49355
32774
32844
32916
32819
49244
49352
49400
32896
32841
32995
49176
32926
32877
49342
49400
32834
32898
32952
32996
33010
32817
32877
32891
32893
33005
49174
49242
49304
49235
32808
32908
49306
49384
32889
32943
49190
49250
49336
49384
49299
32989
49218
49297
32800
32872
32976
32815
32975
32989
32991
49362
32866
32921
49178
49282
49161
49239
32852
32833
49198
49165
49179
49225
32850
32831
49192
49326
49382
32852
32898
32813
32911
32923
32941
32943
49228
49280
49379
32917
49196
49212
49260
49326
49402
49183
49187
49205
49225
49251
49265
49321
49365
49367
33010
32899
49242
49320
32809
32841
32991
16442
16460
16492
16508
16554
16574
16606
16421
16433
16457
16471
16473
16485
16487
16543
16551
16601
16631
74
188
31
49
137
16384
16494
16508
16510
16423
16437
16471
16485
16553
108
206
99
141
155
183
16510
16522
16407
16517
16577
16579
16583
16593
16627
8
122
138
16416
16418
16422
16434
16436
16448
16450
16452
16464
16468
16482
16484
16486
16496
16498
16502
16516
16520
16532
16534
16544
16546
16550
16562
16566
16576
16610
16397
16411
16413
16431
16445
16459
16461
16477
16493
16507
16511
16525
16555
16557
16559
16579
16603
16623
158
16386
16400
16404
16512
16518
16411
16413
16415
16439
16527
16543
16583
138
16473
16623
44
46
90
110
190
206
220
234
236
71
81
87
97
103
133
153
165
169
197
233
243
245
16394
16410
16522
16538
16540
16554
144
31
87
105
229
16406
16408
16456
16512
16516
16546
16415
16447
16579
42
46
74
76
90
108
122
140
190
206
234
250
3
33
53
67
71
73
101
105
115
117
133
151
181
195
211
213
227
229
245
247
16384
16442
16460
16399
16425
16565
16567
16579
44
58
76
90
110
138
206
218
83
135
161
163
181
16394
16410
16412
32
178
215
16506
16572
16590
16618
16620
16455
16483
16487
16541
0
80
134
146
176
93
121
143
159
203
16432
16467
16563
106
128
170
31
33
57
73
167
249
16404
16406
16408
16528
16532
16536
16425
16441
16487
16505
16523
16525
16543
16601
20
250
143
159
16392
16508
96
152
31
123
139
235
243
16444
16536
16574
16417
16425
16439
16481
16585
16595
21
89
16426
16522
16556
16570
16588
16503
16515
16561
16601
80
224
89
16452
16470
16522
16536
74
188
31
35
39
87
89
105
16388
16400
16402
16406
16408
16416
16422
16432
16440
16452
16464
16470
16472
16480
16484
16486
16496
16500
16502
16504
16512
16514
16518
16520
16528
16530
16532
16544
16548
16550
16560
16564
16576
16580
16582
16584
16596
16598
16600
16608
16612
16614
16624
16628
16630
16397
16411
16413
16427
16429
16431
16443
16445
16447
16459
16491
16493
16495
16507
16523
16525
16539
16541
16543
16555
16557
16559
16571
16573
16575
16587
16589
16595
16607
16619
16621
16635
16637
16639
58
170
188
206
3
5
37
65
87
147
167
215
217
225
229
245
16514
16522
16542
0
32
36
80
168
224
53
239
255
16390
16552
16427
16483
16639
22
220
13
16570
16425
16457
16539
16583
74
138
250
21
23
57
117
133
153
195
197
229
16400
16404
16408
16416
16480
16496
16502
16516
16520
16528
16530
16532
16534
16560
16576
16598
16624
16411
16413
16429
16443
16445
16491
16509
16525
16543
16555
16557
16595
16619
16621
16623
20
24
48
56
104
118
120
128
130
148
150
152
160
196
230
127
191
239
16534
16624
16423
16471
0
138
115
195
16420
16424
16452
16464
16466
16512
16528
16552
16582
16594
16624
16475
16591
16601
16639
16
20
22
24
36
38
48
50
52
54
56
66
68
70
72
80
82
84
88
98
100
102
104
114
116
118
120
128
132
134
136
144
146
148
150
160
162
166
168
176
180
184
192
194
196
200
210
214
216
224
226
228
230
232
240
242
244
246
248
27
29
31
43
45
47
59
61
75
77
91
93
95
107
109
111
123
125
127
141
143
155
157
159
171
173
187
189
191
203
205
207
221
223
235
239
251
253
255
16458
16506
16602
16634
16403
16423
16435
16483
16515
16517
16583
16601
16625
42
60
130
190
41
105
143
16480
16552
16562
16601
142
152
16552
16411
16425
16523
16525
16527
16639
16
130
134
144
192
240
27
43
109
139
141
143
159
189
195
211
237
253
16430
16556
16415
16515
16567
46
190
222
23
135
149
153
211
213
16384
16386
16388
16400
16402
16404
16406
16408
16416
16418
16420
16422
16424
16432
16434
16436
16448
16450
16452
16464
16466
16480
16482
16484
16486
16488
16496
16498
16500
16502
16512
16514
16516
16518
16520
16532
16534
16536
16544
16546
16548
16550
16552
16560
16562
16564
16566
16568
16576
16578
16580
16592
16594
16596
16608
16610
16612
16616
16624
16626
16628
16630
16632
16395
16397
16399
16411
16413
16415
16429
16431
16443
16445
16447
16459
16461
16463
16471
16475
16477
16491
16493
16495
16507
16509
16511
16523
16527
16539
16541
16543
16555
16557
16559
16571
16573
16575
16587
16603
16605
16607
16619
16621
16623
16635
16637
16639
10
138
16455
16473
16483
16485
16539
16569
16579
16585
46
92
110
126
172
7
37
39
87
121
147
229
245
16400
16426
16460
16572
16602
16523
0
4
6
8
16
18
22
24
32
34
36
48
50
64
66
72
80
82
84
86
88
98
100
102
112
114
116
118
128
130
136
144
152
162
164
166
168
176
178
180
182
184
192
196
208
224
226
228
230
232
240
242
244
246
248
11
15
27
31
43
45
47
59
61
63
75
91
93
107
109
111
123
127
143
157
159
187
203
205
207
219
221
235
239
251
253
255
16446
16506
16586
16602
16606
16634
16417
16471
16489
16513
16517
16519
16535
16545
16563
16595
16615
16629
16633
4
26
138
16428
16442
16506
16522
16572
16407
16415
16579
16613
6
32
36
64
68
96
144
192
224
13
47
75
125
173
16406
16416
16514
16608
16493
16559
16579
16635
16637
16639
14
64
80
178
16428
16528
16638
16483
16485
16579
16601
16611
76
144
115
195
16388
16400
16406
16408
16432
16436
16450
16452
16464
16496
16500
16528
16530
16536
16560
16580
16592
16626
16628
16411
16415
16427
16431
16459
16461
16475
16511
16525
16527
16541
16555
16559
16571
16573
16579
16587
16603
16605
16607
16619
16639
76
37
101
159
167
213
16384
16402
16480
16608
16495
16587
16623
16639
14
68
152
223
16408
16464
16473
16601
0
8
37
87
105
229
16426
16444
16446
16458
16522
16604
16579
10
36
40
50
52
66
84
114
128
134
148
160
162
180
192
194
216
7
47
77
107
109
125
155
157
219
235
16442
16407
16441
16473
16521
16579
16597
32
48
104
128
178
45
157
211
255
16512
16425
16473
16497
16503
16543
16595
16601
16613
42
46
74
106
140
222
236
238
254
19
35
55
67
81
87
115
117
121
153
165
167
181
183
195
199
201
211
215
217
229
241
16586
16579
16621
24
68
70
84
134
148
152
158
16464
16480
16387
122
132
136
144
29
179
16410
16458
16556
16389
16407
16421
16451
16483
16567
16579
60
138
234
5
71
135
145
163
197
16426
16522
16586
16403
16405
16441
16457
16489
16549
16583
16611
16627
60
92
126
174
89
105
115
121
131
149
163
201
215
217
16400
16442
16444
16460
16574
16590
16415
16423
16471
16473
16499
16547
16549
16565
16569
16583
16595
16601
16627
16631
22
96
160
105
239
16404
16472
16552
16582
16584
16579
0
138
16416
16438
16440
16454
16468
16520
16546
16552
16582
16594
16600
16610
16443
16471
16555
16573
16623
16635
16639
0
8
90
138
218
234
117
195
243
16384
16390
16400
16402
16404
16406
16408
16416
16418
16432
16434
16436
16448
16450
16452
16464
16480
16484
16486
16496
16500
16502
16512
16514
16516
16518
16520
16528
16530
16532
16544
16560
16562
16564
16576
16580
16592
16608
16610
16612
16624
16395
16397
16413
16415
16427
16429
16431
16443
16447
16461
16475
16477
16493
16495
16507
16509
16511
16523
16539
16541
16555
16557
16559
16571
16573
16575
16587
16589
16603
16605
16619
16621
16623
16635
16639
84
154
16468
16579
138
89
133
16384
16402
16404
16416
16424
16486
16488
16504
16512
16530
16568
16594
16600
16614
16626
16630
16395
16429
16443
16463
16471
16475
16477
16571
16575
16603
16623
16639
186
13
131
195
211
16408
16416
16480
16486
16518
16552
16608
16439
16443
16459
16523
16543
80
178
228
73
16458
16492
16532
16604
16415
16543
16563
16579
16
144
146
148
27
71
119
183
217
247
16474
16508
16528
16423
16497
16501
16547
16577
16579
90
222
234
23
89
115
121
177
217
225
229
245
16390
16406
16418
16448
16488
16504
16520
16532
16546
16550
16564
16596
16600
16624
16445
16463
16491
16493
16495
16507
16525
16573
16589
16603
0
4
66
68
80
84
96
112
134
160
182
198
240
242
11
31
57
75
77
91
109
111
155
171
189
191
203
205
219
221
235
239
251
253
255
16530
16385
16387
16429
38
100
104
160
184
208
216
232
27
31
43
109
123
141
143
159
195
235
237
239
16428
16458
16540
16405
16407
16513
16567
16569
16581
16631
16633
76
108
31
155
159
16476
16490
16494
16572
16574
16604
16391
16419
16425
16433
16439
16467
16469
16489
16497
16533
16567
16579
24
106
138
142
16444
16524
16389
16391
16407
16455
16469
16473
16483
16485
16499
16519
16535
16569
16609
32
80
96
178
224
16506
16508
16528
16532
16536
16411
16437
16527
16543
6
224
195
251
16408
16448
16601
0
42
58
60
128
150
188
31
53
157
181
16384
16386
16390
16406
16408
16416
16420
16438
16440
16464
16486
16496
16504
16514
16518
16520
16530
16532
16534
16536
16548
16560
16564
16566
16568
16576
16580
16592
16598
16600
16608
16395
16399
16427
16429
16431
16447
16461
16477
16491
16493
16495
16511
16527
16541
16557
16559
16571
16575
16603
16619
16623
76
90
122
138
158
174
206
218
41
49
55
65
73
87
89
97
103
105
115
119
121
165
177
179
183
193
195
197
199
215
217
225
227
233
243
16398
16420
16434
16448
16464
16466
16512
16532
16626
16527
16539
20
96
130
216
83
143
189
195
211
16384
16436
16464
16480
16502
16504
16528
16560
16566
16628
16463
16591
16599
16605
16623
16639
22
31
39
117
159
183
215
16394
16562
16608
16639
192
143
217
16400
16408
16432
16452
16464
16482
16484
16496
16514
16516
16518
16520
16546
16548
16552
16560
16562
16592
16429
16459
16491
16527
16541
16585
16591
16607
142
188
220
15
39
89
105
133
179
193
16406
16416
16420
16518
16532
16582
16397
16415
16527
16543
16595
16623
44
90
126
202
222
250
21
41
89
105
151
179
195
16464
16482
16576
16475
16559
16599
96
15
73
175
16408
16442
16476
16570
16572
16433
16467
16499
16595
16597
42
62
74
76
108
126
174
202
236
254
23
33
35
39
83
101
103
105
137
169
179
195
209
249
16404
16464
16421
16601
74
126
174
190
23
39
51
73
81
89
101
137
195
201
215
217
247
249
16384
16388
16390
16400
16402
16408
16418
16422
16424
16434
16436
16456
16464
16468
16480
16486
16488
16500
16504
16514
16516
16518
16520
16524
16528
16530
16532
16550
16552
16560
16576
16578
16592
16594
16600
16614
16616
16626
16429
16461
16475
16477
16479
16575
16603
36
80
178
208
232
57
159
239
255
16384
16450
16452
16454
16468
16470
16482
16512
16534
16546
16552
16562
16608
89
16384
16386
16388
16390
16392
16400
16402
16404
16406
16408
16416
16418
16420
16422
16424
16432
16434
16436
16438
16440
16448
16450
16452
16464
16466
16468
16470
16480
16482
16484
16488
16496
16498
16500
16502
16504
16512
16514
16516
16518
16520
16528
16530
16532
16534
16536
16544
16546
16548
16550
16552
16560
16562
16564
16566
16568
16576
16578
16580
16582
16592
16594
16596
16608
16610
16612
16614
16616
16624
16626
16628
16630
16632
16395
16397
16399
16411
16413
16415
16427
16431
16443
16445
16447
16457
16459
16461
16463
16475
16477
16479
16491
16493
16495
16507
16509
16511
16523
16525
16527
16539
16541
16543
16555
16557
16559
16571
16573
16575
16587
16589
16591
16603
16605
16607
16619
16621
16623
16635
16637
16639
192
121
169
215
233
16410
16426
16442
16444
16458
16490
16492
16522
16542
16554
16391
16401
16457
16579
152
31
95
115
163
179
255
16428
16458
16522
16403
16405
16407
16569
16601
18
20
50
64
96
128
134
144
146
152
160
176
224
31
63
71
109
123
139
143
175
191
219
237
251
255
49384
49201
32782
33004
32785
32977
49168
49206
49246
49368
49163
49213
32914
32972
32833
32935
49316
49313
32924
32942
32954
32799
32817
32849
32865
32881
32929
32953
32997
32999
49196
49198
49274
49284
49191
49201
49233
49383
33006
32785
32803
33017
49153
49177
49187
49271
49297
32914
32871
32881
32977
49368
49173
32844
32913
49266
32798
32821
32923
49169
49187
49197
49297
32830
32980
49166
49182
49326
49372
49187
49223
49349
49367
49379
32982
32933
49166
49292
49356
49358
49404
49406
49201
49203
49271
49319
32888
32811
32819
32859
32895
32957
32973
33005
33023
49158
49372
49205
49319
49353
32830
32908
32910
32942
32775
32807
32821
32869
32871
32935
32945
32993
33017
49282
49284
49354
49217
49247
49399
32810
32957
49291
49377
49395
32877
32899
32987
49305
49405
32772
32776
32828
32878
32892
32970
32986
33018
32783
32801
32805
32823
32825
32833
32839
32881
32889
32937
32945
32965
32967
32983
49226
49308
49201
49251
49265
49321
49365
32862
32785
49161
49169
32844
32894
33006
32793
32849
49188
49252
49195
49201
49247
49275
49339
49387
32782
32972
33006
32793
32871
49190
49214
32984
33002
32859
49182
49311
32798
32777
49230
49169
49177
49255
32772
32785
49162
49166
49155
49169
49237
49283
32824
32803
32891
32899
49366
49169
32894
32813
49180
49390
49177
49201
32894
32900
32843
49166
49169
49299
32785
32827
32853
49316
49326
32897
49182
49386
49379
32881
32893
32921
49169
49233
49303
49321
32838
32887
49203
49221
49255
49291
49379
32830
32785
32803
32817
32819
32839
49156
49169
32785
32907
49212
49310
49338
49372
49386
49153
49219
49221
49239
49329
49331
49379
32770
32814
32828
32900
32986
33004
49154
49268
49272
49161
49243
32968
32974
32797
49236
49297
32787
32875
32899
49179
49193
49247
49349
32798
32866
32907
49266
49185
32916
32851
32859
32915
49168
49372
49183
49185
49217
49253
49313
49383
32944
32775
49298
49185
32874
32902
32956
32970
32947
49154
49176
49196
49386
49353
32770
32790
32936
32849
32907
32925
32957
49243
49285
32796
32974
32839
32897
32983
49258
49260
49274
49324
49342
49354
49372
49390
49404
49169
49171
49177
49189
49191
49209
49233
49237
49241
49273
49281
49285
49313
49329
49349
49361
49377
49385
32770
32795
32863
32965
49368
49167
49173
49383
32930
32974
32795
49203
49293
49343
49405
32919
49242
49262
49310
49354
49207
49221
49233
49249
49295
49317
49335
49397
32838
32960
32978
32982
32992
32773
32891
32975
49356
49169
49175
49201
49273
49283
49297
49301
49313
49383
49395
32836
32803
32819
33021
49364
49185
49313
32786
32826
32896
32914
32805
32849
32907
49214
49403
32840
32921
49156
49224
49378
49167
49231
49233
32962
32833
49162
49169
49271
32834
32980
32801
49154
49233
49315
49361
32788
32836
32862
32964
33012
32779
32827
49169
49197
32785
32923
49358
49396
32894
32913
49164
49161
49169
49239
49317
49369
32840
32962
32833
49289
49325
32830
32941
49174
49196
49214
49226
49187
49393
32942
32988
32785
32803
32899
33015
33017
49198
49252
49348
32988
32835
32841
32881
32889
32895
32951
32979
49190
49198
49272
32785
32837
33009
49318
49171
32952
32787
32971
49162
49180
49289
49303
32814
32876
32977
32995
33015
49198
49185
49217
49231
49249
49267
49269
49297
49329
49381
32968
32793
49372
49169
49173
49177
49281
32801
32813
32847
32867
49169
49237
49337
32862
32777
32817
49300
49157
49355
49403
32782
32798
32958
32988
32769
32785
32787
32793
32981
49278
49334
49402
49153
49187
49203
32770
32962
32978
32833
49156
49198
49284
49167
49345
49381
49393
32774
32849
49154
49404
49337
49377
32978
32913
49166
49210
49308
49326
49159
49161
49203
49217
49249
49315
49331
32862
32793
32801
49228
49262
49169
49171
49173
49177
49205
49287
32786
32808
32816
32846
32918
32978
33012
32779
32829
32987
33023
49198
49254
32788
32817
32885
32931
32977
49203
49227
32846
32902
33001
49392
49171
49245
49279
49343
49375
32785
49230
49169
49175
49239
49321
32833
32989
49214
49396
49275
49277
32908
32990
32923
49180
49358
49169
49189
49201
49203
49251
49361
49393
32770
32812
32830
32874
32892
32940
32956
32801
32803
32807
32817
32865
32947
32969
32993
33009
33017
49197
49283
32891
32897
49250
49374
49195
32846
32988
33006
32785
32807
32817
32915
32963
32993
49286
49203
49237
32946
32964
32980
33017
16398
16402
16410
16414
16428
16442
16462
16478
16526
16540
16542
16389
16393
16451
16453
16469
16471
16505
16553
16567
16569
16615
16625
134
9
16530
16578
16527
191
16406
16516
16495
22
174
218
252
11
101
183
231
241
16384
16386
16402
16442
16506
16510
16556
16558
16574
16602
16395
16423
16425
16471
16503
16549
16553
16593
16615
16631
20
194
16402
16410
16414
16462
16636
16389
16451
16501
16529
16617
0
26
97
135
151
199
227
16573
242
16384
16390
16414
16451
16553
2
18
238
139
16394
16396
16398
16408
16426
16428
16430
16442
16444
16460
16476
16490
16522
16524
16538
16540
16542
16556
16558
16570
16572
16590
16604
16618
16620
16634
16385
16389
16391
16393
16403
16417
16421
16423
16437
16439
16449
16451
16453
16455
16457
16465
16467
16469
16471
16481
16485
16497
16499
16503
16515
16529
16531
16545
16549
16553
16561
16563
16567
16583
16585
16595
16597
16599
16601
16609
16611
16613
16617
16625
16627
16633
68
16452
189
16452
16485
196
16527
16591
194
16402
16530
16578
191
16560
22
16472
16463
18
26
30
78
142
156
158
9
25
67
69
85
161
16516
16455
18
20
44
92
146
172
204
218
238
11
33
41
49
57
69
105
117
199
209
213
231
241
16452
16569
20
22
60
90
122
136
174
186
188
39
53
87
97
101
165
169
183
193
215
217
245
16560
18
26
30
78
92
94
5
21
23
39
53
67
81
83
87
113
115
149
165
169
231
16384
16386
16402
16404
16406
16415
16523
16525
239
16398
16406
16393
16
22
74
134
170
172
174
204
55
85
113
169
197
209
213
225
241
16452
16517
191
16406
16540
203
16484
36
16402
16530
16578
18
194
16420
16
20
78
132
134
139
16384
16386
16510
16469
16471
16505
16547
16567
16593
16625
244
16578
16592
16509
68
119
16483
16591
16595
16607
25
39
57
101
153
169
207
223
16414
16452
16569
16625
180
16560
68
16452
91
16496
58
60
234
41
71
201
207
223
243
249
16573
194
16398
16402
16410
16414
16428
16526
16538
16540
16542
16389
16417
16451
16469
16505
16553
16569
2
194
16560
0
30
190
236
15
69
87
179
16575
191
16398
16402
16414
16478
16522
16604
16393
16453
16469
16505
16549
16567
16625
22
42
154
158
170
188
204
218
222
234
163
195
199
16402
16404
16520
16399
16523
22
78
87
16587
22
46
90
132
220
69
85
87
161
185
16612
2
22
16406
16393
176
203
16398
16402
16414
16442
16389
16393
16451
16453
16567
16615
16625
0
2
76
146
69
141
16580
178
16406
16566
182
16452
58
68
126
153
165
16560
20
182
16384
16442
16462
16526
16540
16542
16629
111
16394
16396
16398
16428
16430
16442
16446
16458
16460
16474
16506
16524
16540
16542
16554
16558
16588
16602
16622
16634
16636
16389
16393
16415
16417
16423
16449
16451
16465
16467
16471
16483
16485
16487
16497
16501
16505
16529
16531
16551
16553
16561
16563
16567
16569
16583
16595
16601
16609
16611
16613
16615
16625
16627
16631
16633
4
26
30
58
142
158
25
39
41
57
87
121
135
165
183
209
213
227
231
241
247
16404
16406
16446
16460
16506
16518
16586
16636
16471
16485
16501
16553
16567
16577
16593
16615
16625
68
16575
6
153
16452
82
141
143
16562
2
22
16510
16409
16485
16519
16547
16553
16591
16607
16625
22
182
16410
16412
16478
16395
16421
16451
22
158
16386
16494
16525
239
16560
212
16386
16494
16570
16425
16523
16525
16615
0
46
126
146
49
57
85
87
97
101
161
165
183
185
199
209
217
231
245
247
16390
16478
16540
16471
16625
2
18
126
146
141
241
16406
16415
16453
16523
16525
22
207
16472
16463
111
16406
16516
16518
16469
68
110
16406
16590
16638
16435
16471
16561
16577
176
16384
16478
16494
16510
16588
16604
16471
16503
16521
16553
16565
16625
212
16452
2
18
130
194
16452
16485
242
143
16566
187
16400
16402
16466
16560
14
22
142
158
5
169
16402
16410
16414
16428
16476
16526
16542
16572
16602
16618
16389
16393
16451
16453
16469
16481
16483
16505
16529
16551
16553
16567
16569
16583
16625
16629
20
11
139
165
209
231
0
4
6
30
87
169
16557
176
207
16386
16402
16410
16412
16442
16506
16558
16602
16405
16417
16435
16453
16469
16471
16487
16505
16513
16549
16553
16567
16569
16585
16617
191
16386
16402
16406
16516
28
88
154
117
145
16402
16410
16442
16462
16389
16393
16451
16469
16567
16601
16625
176
16626
16523
2
18
58
74
90
110
122
172
174
204
218
220
250
252
39
57
65
81
85
87
89
115
119
121
151
179
183
185
199
209
225
231
241
245
247
16398
16402
16442
16478
16389
16393
16453
16469
16503
16505
16553
16583
16615
10
12
14
42
44
60
62
90
106
110
124
126
138
140
154
156
158
170
172
186
188
190
202
204
218
220
238
252
254
1
5
9
17
31
33
51
53
55
57
67
69
81
85
87
89
97
99
103
105
115
121
131
135
145
147
153
161
169
179
181
183
193
199
211
213
217
225
233
241
243
245
249
49184
32989
49200
32838
32912
32920
32925
32927
49327
32838
49348
32782
32912
32954
32958
32990
32923
32925
32965
32977
49178
49304
49273
49317
32802
32815
32917
49246
49304
32818
49371
32832
49200
32838
32968
49184
32943
49216
49248
32832
49196
49296
49217
49307
32776
32920
32845
32923
49246
32992
49213
32832
32920
49184
32928
49302
32831
49222
32832
32854
49222
49298
49387
32832
32920
49155
49303
49309
32802
49314
32818
49216
33005
49186
33016
49222
32864
49304
49165
49229
32832
49327
32912
32970
32799
32833
49215
32831
49229
32832
49318
32816
49200
32928
49256
32816
49372
49155
49295
49309
32912
32920
33018
32857
32869
32925
32997
49200
32832
49327
32838
32920
49186
49216
32838
32912
49226
49242
49274
49276
49296
49370
49390
49402
49404
49406
49191
49217
49249
49251
49265
49267
49315
49317
49321
49333
49345
49365
49379
32897
32923
32925
32999
49238
49302
32973
49184
32822
32870
49248
33005
49216
49304
32858
32831
32905
49162
49296
49217
49361
32928
49222
32832
32920
49200
33016
49318
32816
49373
32822
49222
32802
49213
33016
49274
49296
49338
49342
49354
49370
49390
49185
49193
49203
49251
49257
49265
49269
49319
49361
49381
49383
49399
49314
32912
49276
49304
49354
49390
49203
49309
49329
49331
49351
49393
32838
32925
49400
33016
32789
49215
49385
32989
49206
49222
32930
49206
32864
49200
32998
49222
49296
49185
32838
32925
49327
32802
49296
49354
49372
49173
49185
49217
49311
49329
49361
32930
49290
49296
32812
32912
32938
32954
32970
32803
32925
32927
32935
33015
49296
32858
32874
32890
32912
32940
32958
32988
33018
32801
32807
32825
32881
32933
32935
32947
32951
32981
32983
33009
33015
49340
49155
49163
49173
49205
49221
49255
49283
49305
49319
49335
49337
32826
32890
32912
32938
32803
32809
32911
32923
32925
32951
32995
32997
33011
33013
49186
32800
49202
32816
49318
32832
32854
32838
49216
32912
32771
49186
32838
33016
49378
49314
32831
49342
49155
49181
49309
49200
32882
49206
32838
32912
32920
49206
32789
32831
49216
32928
