16398
16404
16412
16385
16387
16391
16401
16403
16407
4
8
3
16394
16412
16391
4
3
11
13
21
25
16392
16398
16404
16385
16391
16401
16409
16411
10
16400
16387
16397
16403
16405
2
14
1
17
23
25
27
16406
16405
4
16
1
3
15
25
27
16404
3
7
9
19
16399
16403
0
16388
16387
16403
16413
10
13
16402
16401
24
16388
16406
16385
16397
16405
16385
16387
16391
16403
16407
4
29
16401
16411
12
16388
16392
16412
16385
16387
16395
16397
32781
32785
32791
49154
49172
49165
49175
32786
49152
32770
32796
32793
49178
32776
32769
32775
32779
32787
32793
49166
49172
49153
49159
32792
49152
32770
32782
32796
32773
32791
49152
32786
49176
32770
32796
32769
32781
32791
32793
49161
32786
32785
49154
49153
49157
49177
49179
32776
32775
32779
32785
32795
49170
32778
32774
32788
32777
32785
32793
49176
32774
32796
32771
32777
32779
32781
32793
16384
16393
28
5
16413
5
13
19
16410
16386
16404
16397
16403
16409
29
16386
16389
16395
6
14
28
1
11
13
17
23
25
27
16389
16391
16409
16411
2
28
5
13
25
16410
2
28
5
13
19
25
27
16391
16407
16409
0
16388
16392
16387
16397
16409
16411
14
28
1
9
13
27
16404
16389
6
9
13
19
25
27
16386
24
16402
24
5
16390
32772
32784
32769
32771
32781
32783
32787
32793
49160
49153
49169
49171
49175
32790
32779
32784
32771
32775
49181
32772
32784
32771
32783
32787
49162
32770
32796
32769
49156
49172
49161
49175
49179
32772
32783
49174
32797
49158
49166
49164
49176
32794
49156
49166
49172
49180
49153
49155
49165
49169
49171
49175
49177
49179
32780
49156
49162
49153
49155
32770
32788
32769
32791
49174
49180
49155
32770
32782
32785
32772
32771
32775
32779
32785
32787
