-1.829960 0.369266 9.719260 -0.010797 0.023854 0.001479 0.481040 -0.050390 -0.768403 0.050612 -1.722650 -9.631170 0.009910 -0.004355 -0.001089 0.066975 -0.330726 0.890748 -0.147004 -1.960840 -9.571990 -0.004566 -0.001668 -0.010982 -0.057324 0.641087 0.713002 -0.934566 9.543270 -1.901920 -0.001406 0.009408 -0.006567 -0.381017 -0.856745 0.061139 0.323011 -9.559450 -2.221610 -0.004067 0.000037 -0.002959 -0.493987 0.767420 0.284175
7.875350 -0.056456 5.681750 0.130930 0.021311 -0.115430 -0.791392 -0.093744 0.001022 4.460730 8.651030 0.102521 0.100955 -0.031299 -0.127075 -0.798242 -0.310889 -0.210888 6.946760 -3.709390 5.883070 0.035924 -0.070555 -0.096108 -0.977450 -0.093710 -0.669546 -3.723130 12.419740 1.806295 0.187384 0.119459 -1.320690 0.283621 -0.420311 -0.228246 1.118650 -5.700440 -0.792095 0.260394 0.522546 -1.166396 0.157681 0.484283 0.220618
9.069970 0.837390 3.220560 -0.516089 0.230390 0.154699 -0.915173 0.410143 -0.033434 -1.063339 5.325300 8.252710 -0.024833 -0.121184 0.152584 -0.464686 -0.210008 -0.806937 -0.612141 -4.385650 8.567890 -0.019253 -0.133369 -0.079461 -0.259535 0.775612 -0.524636 -8.004540 7.675730 -0.449953 -0.237328 -0.286235 1.591262 0.552260 -0.427288 0.295513 -5.699128 -7.236627 -0.760282 -0.650189 0.072496 1.871204 0.442566 0.632940 -0.393854
8.225470 -0.604972 0.642036 0.024793 0.022704 -0.028427 -0.763964 -0.370087 0.170924 7.494200 3.260830 1.516130 -0.127814 -0.003413 -0.058765 -0.624100 -0.078082 0.462146 7.925150 -1.826275 1.498231 0.070982 0.236559 0.057720 -0.577072 -0.378193 -0.108342 -8.881700 1.314878 -1.051415 0.155049 0.535379 0.921113 0.470143 0.038260 -0.465013 -8.729460 -2.250920 -1.362080 -0.086883 0.319613 -0.785355 0.414206 -0.300594 0.530131
10.060750 0.018356 -0.381015 -0.145974 -0.298896 0.289307 -0.793519 0.270344 -0.339477 1.355004 10.089940 1.105744 -0.004871 -0.213848 0.294698 0.119859 -0.755116 -0.465279 3.316670 -8.016600 5.188670 -0.366553 0.076141 -0.062865 0.107303 0.730178 -0.529359 -8.809110 1.832429 0.601634 -1.464410 0.344868 0.277109 0.652046 -0.646747 -0.065665 -10.542970 -1.614388 -2.252249 -0.846441 -0.035727 0.785738 0.871568 0.256309 0.146233
9.334670 -0.659120 0.784823 -0.277479 -0.006964 -0.297483 -0.796308 -0.125908 0.421129 0.002528 9.520560 2.228940 0.080320 -0.150121 -0.187383 -0.387352 -0.764136 0.244729 2.643790 -7.539110 5.652890 -0.057909 0.240255 -0.294106 -0.686469 0.585241 -0.176185 -10.942920 2.389501 -0.140492 0.376136 -0.072687 -0.098450 0.659659 0.679390 -0.154700 -9.843770 -1.679450 0.574808 0.950675 -0.090200 0.180389 0.867610 -0.287995 0.150816
-4.527720 1.235060 8.688820 -0.001869 0.023547 -0.004457 0.485510 0.420838 -0.763988 -1.010370 4.309530 8.747120 0.013172 -0.007822 -0.002165 0.016846 0.087302 -0.963182 -0.119261 1.114920 9.760980 -0.002984 -0.003007 -0.009280 0.224858 0.377941 -0.881693 -1.489190 9.634960 -0.782611 -0.005787 0.011457 -0.010925 -0.023179 -0.816398 0.551822 -1.487520 -9.131260 -3.287080 -0.005400 0.001750 -0.005385 -0.078373 0.969910 -0.116679
9.435990 -1.949000 2.476750 -0.174739 -0.058747 -0.307258 -0.765080 0.182516 -0.625961 8.633670 4.046740 2.174450 -0.088721 -0.200832 0.044655 -0.161930 -0.696035 -1.033589 8.510550 -2.996130 1.214234 -0.027911 0.402186 0.503288 -0.983076 1.074788 -0.362695 -10.245050 -0.479594 -1.995340 0.656044 -0.050134 -0.679845 1.018613 -0.157082 0.314819 -8.809640 -2.140310 0.669888 1.338284 0.390237 -0.274853 0.834797 0.941524 -0.407465
9.476630 -0.071465 5.407620 -0.060417 -0.107323 -0.119385 -0.425751 0.424889 -0.461261 10.672000 2.026410 1.969810 -0.060291 -0.115047 0.077173 -0.567830 -0.042860 -0.497448 9.032210 -2.629790 5.038510 -0.181733 -0.163851 -0.321407 -0.347366 0.603001 -0.255686 -10.498730 0.228551 -2.003539 0.064441 -0.123603 -0.446113 0.529084 -0.137632 0.528286 -8.137010 -4.277920 0.452625 -0.035253 0.365390 0.369068 0.454901 0.418065 -0.438805
10.187530 -0.149951 2.231972 -0.577778 -0.006690 -0.147114 -0.740318 0.560827 -0.058100 15.113240 2.947919 4.894319 1.225329 -2.999136 1.340439 -0.684748 0.167458 -0.429186 11.676880 -0.428448 3.650560 -2.785890 1.321887 -0.454321 -0.681734 0.498915 0.277469 -11.976890 2.250960 -1.341579 0.416600 0.013008 0.860316 0.642367 0.229787 0.631753 -10.235020 1.922072 -0.410713 0.598370 0.078077 0.397593 0.795076 0.138783 -0.437346
-1.663970 -2.281580 9.490140 0.009214 0.021275 -0.002471 -0.015258 0.668789 -0.622415 0.477773 1.948300 9.605830 0.004510 -0.006349 -0.003429 -0.255823 -0.070550 -0.739241 -0.590208 -3.103320 9.336330 -0.000807 -0.009467 -0.009139 0.043658 0.592117 -0.509538 -2.203840 9.485280 0.896970 -0.003007 0.007203 -0.005075 0.263415 -0.608153 0.394852 -3.097040 -8.240840 4.420130 -0.001639 0.003922 -0.007811 0.099097 0.332743 -0.636385
10.273100 -1.325443 0.113997 0.245832 0.246029 0.275853 -0.521904 0.494904 -0.481417 9.935460 0.107382 2.204560 0.259841 0.457005 0.023041 -0.374092 0.058488 -0.660508 10.440660 -1.050545 1.468827 0.229344 0.174166 0.520282 -0.415894 0.593760 0.076517 -9.050130 4.194316 -2.411170 -0.106847 -0.164065 -1.339451 0.153404 -0.429731 0.544523 -10.469630 -2.037475 -0.359753 -0.540434 -0.049922 -0.815359 0.490434 0.516767 -0.196893
9.070830 -1.786290 2.153721 0.240807 0.204318 -0.125885 -0.880354 0.067770 0.234423 9.323190 1.696583 2.474480 0.255484 0.102754 -0.537224 -0.804130 0.374601 0.194785 11.291050 -2.130630 0.991724 1.194411 0.815546 1.530703 -0.850924 -0.188961 0.188651 -9.560450 -0.744390 -1.508593 0.479257 -0.087450 -1.076020 0.818572 0.413636 0.066205 -10.696780 2.476640 0.782055 0.184300 0.847513 -1.461981 0.798343 -0.351142 -0.211891
10.542300 1.118755 1.612604 0.050554 -0.467917 0.052974 -0.708376 -0.041834 -0.547676 -3.789280 10.360655 -5.959769 0.464908 1.339719 0.085981 0.109922 -0.669454 0.072167 6.270880 -10.554092 -0.309057 0.313977 -0.567258 0.255960 0.254133 0.805225 -0.573555 -12.230390 2.681090 -2.022785 -0.072982 -0.596635 -0.832000 0.666988 -0.374059 0.289772 -12.088476 2.407147 1.324545 0.019742 0.733473 -0.720419 0.908897 0.693514 -0.091988
8.146800 0.147466 6.239030 -0.329060 0.079625 -0.113125 -0.922707 -0.041310 -0.089229 10.617940 3.150910 2.724330 -0.623724 0.661035 -0.891594 -0.885222 0.064029 0.160715 10.381410 -4.265120 3.176880 -0.863884 -0.919270 -2.455226 -0.845127 -0.054238 -0.145035 -12.046330 -0.898770 -1.489525 -0.310337 0.103644 1.717564 0.646133 0.618466 -0.127913 -10.438140 0.645271 -2.278087 -0.011042 -0.079230 1.084600 0.817756 -0.353365 0.191397
8.843570 -2.223021 -0.048990 0.519238 1.530268 0.513722 -0.938159 0.349187 -0.452978 1.272882 5.388150 6.629706 0.252644 0.304970 -0.740223 0.425726 -0.530162 -0.657459 2.753118 0.888885 7.059980 -0.032016 0.801546 0.296466 0.258643 -0.240318 -0.871701 -2.659132 10.104700 3.077994 0.051160 -0.115271 -0.767104 -0.198565 -0.876930 -0.313304 -2.173814 -10.358650 -0.674691 -0.098730 -0.480240 0.777552 -0.211283 0.931339 0.138747
9.637110 0.072368 1.842800 0.008955 0.019412 -0.000216 -0.644037 0.126263 0.028200 8.991300 3.502400 1.691520 -0.000682 -0.008992 0.008105 -0.527282 0.030023 -0.119880 9.270580 -2.709170 1.688690 0.011431 -0.013952 -0.008786 -0.575743 0.210328 0.093034 -9.731270 0.835349 -0.929454 0.000932 0.012026 -0.010037 0.601056 0.090111 0.195025 -9.562040 -1.760690 -1.457730 -0.008150 0.000046 -0.000695 0.624724 -0.039661 -0.064308
8.955250 -1.996010 3.506520 -0.006801 0.013646 0.001746 -1.095630 -0.280478 -0.350402 4.232180 7.769230 4.182450 0.005742 -0.005335 -0.000800 -0.020565 -1.013970 -0.141654 5.090220 -3.669130 7.536400 -0.001271 -0.000575 -0.004232 -0.762460 -0.115889 -0.719026 -4.024910 8.512100 2.715970 -0.002224 0.009938 -0.006362 0.317079 -0.705074 -0.672708 -2.935270 -8.735070 -3.342250 -0.002846 0.004909 0.000405 0.293331 0.429588 0.712561
-1.835360 0.366672 9.722830 -0.001534 0.014263 -0.003668 0.481404 -0.053720 -0.766846 -0.199871 -2.760400 -9.382590 0.005939 -0.006761 -0.000038 0.039991 -0.237357 0.922491 -0.280329 -0.591574 -9.752360 0.001123 -0.004769 -0.006560 -0.073622 0.530481 0.796696 -0.976762 9.513230 -2.041700 -0.001546 0.014582 -0.006771 -0.377559 -0.856712 0.074527 0.307623 -9.550960 -2.256180 -0.005413 0.000291 -0.001929 -0.492918 0.766653 0.288716
6.929940 0.747079 6.874620 -0.162800 -0.079287 0.080401 -0.652369 -0.213276 -0.091905 4.657460 7.427230 -4.494010 -0.073992 0.080109 0.108231 -0.755642 -0.328196 -0.126966 6.021770 -7.605790 1.394510 -0.113580 0.045138 0.109241 -0.897882 0.339936 -0.658180 1.963036 6.327990 0.899756 0.065197 -0.179245 0.913095 0.182032 -0.549679 -0.367503 -1.570865 -10.848380 -6.113730 0.068694 -0.493776 0.897395 0.284967 0.318885 0.326606
8.865960 -1.908290 2.320580 0.033463 0.111007 -0.143019 -0.482586 -0.379657 0.048108 8.764800 0.959145 1.922350 -0.445670 -0.009096 -0.660158 -0.375426 -0.122978 0.390190 8.999590 -2.510140 1.327020 -0.065104 0.070221 0.051201 -0.481238 -0.205740 -0.249148 -9.067720 1.417625 -1.917027 -0.105051 0.013644 -0.071406 0.471722 0.131902 -0.253354 -8.938790 -3.895740 -0.772592 0.137787 0.032968 0.112568 0.450049 -0.279731 0.106950
9.948500 -1.418036 3.327180 0.557696 -0.060088 0.254802 -0.295297 0.441078 -0.391226 9.619740 2.808350 2.281340 0.776131 0.077641 0.456540 -0.368320 -0.061224 -0.481127 10.840660 -3.323800 2.085410 0.959394 0.225363 0.780992 -0.296616 0.498531 -0.010305 -9.762150 2.543270 -1.481768 0.717959 0.185870 -1.279367 0.238458 -0.411497 0.288409 -11.496060 -0.589263 -1.687713 0.086622 0.211634 -1.027350 0.520180 0.260135 -0.077861
9.550270 -1.040890 1.941230 -0.005981 0.019810 -0.006064 -0.794154 0.011180 -0.619076 8.851040 4.106070 0.795695 0.008030 -0.012757 -0.002863 -0.663615 -0.843626 -0.113272 9.235320 -2.694610 1.830520 -0.012869 -0.002716 -0.004139 -0.752915 0.475429 -0.532254 -9.675490 -1.180980 -1.066480 -0.005833 0.004709 -0.003695 0.979556 -0.462658 0.042455 -9.735600 -1.064260 -0.697059 -0.000099 -0.000989 -0.002054 0.864252 0.801208 0.283582
-4.536400 1.195390 8.702630 -0.003732 0.015920 0.000290 0.485344 0.423061 -0.762656 -1.016750 4.358700 8.730030 0.006712 -0.001288 -0.001424 0.016411 0.083326 -0.963222 -0.136047 1.122530 9.760420 -0.005443 0.000537 -0.006458 0.227080 0.378410 -0.883012 -1.465780 9.637000 -0.812299 0.000071 0.010607 -0.010369 -0.023701 -0.815312 0.553008 -1.483390 -9.132820 -3.259360 -0.006491 0.003260 -0.003903 -0.078732 0.969798 -0.118712
10.830020 1.977927 1.489141 -0.773779 -0.055271 0.063912 -0.840186 -0.145542 -0.406969 -0.309176 9.423680 3.691270 -0.006468 0.169910 -0.531713 -0.287279 -0.813391 -0.475099 0.828419 -7.057330 6.674420 0.285065 -0.402674 -0.049163 0.030996 0.567811 -0.766854 -10.533780 1.516906 -1.024315 -0.645040 0.345173 1.116576 0.529787 -0.263841 -0.096503 -11.892300 -0.465673 -0.735582 -0.283065 -0.486766 0.891695 0.615146 0.234965 0.227657
9.499660 -2.770996 3.072186 -0.152430 0.058763 -0.140869 -0.569101 0.249750 -0.677450 9.782590 4.280400 1.808970 -0.190950 0.017617 -0.156870 -0.646720 -0.555663 -0.280276 8.962770 -3.445770 2.746440 -0.080310 -0.263278 -0.689597 -0.312204 0.707524 -0.467533 -11.141050 1.338850 -1.069838 0.490475 -0.020293 -0.400250 0.845135 -0.284107 0.222633 -9.697690 -2.743129 -0.252063 0.128440 0.189525 0.196135 0.576118 0.715448 -0.093616
8.894750 -1.029834 4.125190 -0.098118 0.014809 -0.017409 -0.588010 0.096665 -0.778545 -0.877346 0.086453 8.442750 0.124752 -0.268816 -0.462068 0.201296 0.295579 -0.903012 -4.366280 3.581803 6.778580 0.293471 0.456742 0.453970 0.472219 -0.596805 -0.582791 -3.634510 8.806350 -2.027960 -0.089523 0.041876 0.079899 -0.146213 -0.948103 0.040544 -2.899350 -8.153380 -4.612060 0.306809 0.036462 -0.194308 -0.250413 0.783655 0.514452
-2.999150 -8.844370 2.999950 0.002879 0.023346 -0.004024 0.232478 0.924965 0.158174 -0.789225 -8.276260 5.244860 0.001200 -0.002517 -0.002160 -0.141185 0.937605 -0.044142 0.328959 -9.705700 1.568000 -0.005396 -0.001791 -0.006327 -0.127030 0.773614 0.160673 1.508040 4.995370 -8.266320 -0.000596 0.007359 -0.008920 -0.080429 -0.053109 1.051750 -0.996708 -2.377770 9.534370 -0.005500 0.001140 -0.003969 0.243164 -0.259401 -0.801616
9.304100 0.295992 2.638376 -0.133598 0.024384 -0.203554 -1.061410 0.004887 -0.596959 2.695770 7.811590 5.210110 -0.058197 0.077875 -0.250955 -0.334513 -0.645303 -0.787202 2.458300 -6.784760 6.844890 -0.053433 -0.118919 0.023294 0.040576 0.971174 -1.022746 -9.931870 1.654485 -2.402240 0.513737 -0.048030 -0.911743 0.455555 -0.492506 0.358094 -9.653420 -1.365590 0.810924 0.860739 0.273030 -0.349952 0.309867 0.687679 0.236838
8.945650 1.110687 3.861340 0.349251 -0.011928 -0.138182 -0.915796 0.306838 -0.048852 2.951420 7.083430 5.855390 0.114054 0.090181 -0.083457 -0.834758 -0.400780 -0.523030 1.675200 -3.618550 8.999410 0.012341 -0.077816 -0.015702 -0.694141 0.622567 -0.594372 -7.687656 6.687990 0.854886 0.438862 0.427891 -1.479836 0.666700 -0.343329 0.164087 -6.686700 -6.744770 -4.511410 0.586711 0.299531 -1.357774 0.653024 0.528838 -0.098251
7.702370 -0.307131 6.114500 0.004059 0.018584 -0.004044 -0.614350 -0.439745 -0.138709 -2.934640 9.252460 -1.374860 0.006733 -0.006464 0.001585 0.275922 -0.384353 0.614497 -0.397948 -9.329850 3.099450 0.000590 0.003837 -0.007342 -0.537387 0.523177 -0.267218 -5.025050 8.190940 1.934380 -0.003933 0.014992 -0.011010 0.522338 -0.089951 -0.488100 -4.601930 -8.540720 1.628170 -0.008990 -0.003864 -0.002976 0.605210 0.325879 0.369373
0.275440 -9.263610 -3.166330 0.001238 0.018589 -0.007119 0.305244 0.891771 -0.004143 -0.113504 -1.148470 9.756430 0.014199 -0.004495 0.000668 0.478834 0.142667 -0.798986 -0.209282 -1.150900 -9.699100 -0.002309 -0.002785 -0.008071 -0.452374 0.238485 0.807109 0.016707 -0.654181 -9.760030 -0.003897 0.006306 -0.006398 -0.481922 0.104621 0.808376 -2.386740 -1.079130 9.567390 -0.004106 -0.001377 -0.002847 -0.246687 0.014879 -0.909772
8.686300 -2.278050 2.124150 0.002677 0.026131 0.000775 -0.784944 -0.487017 0.716300 7.923220 4.484050 1.254420 0.008644 0.000464 -0.004781 -0.522936 -0.229200 0.886545 8.428820 -2.765280 2.429850 -0.002684 -0.000971 -0.006197 -0.821557 -0.941297 -0.044819 -9.144880 0.861707 -0.588829 -0.000236 0.008290 -0.006920 0.695648 0.691165 -0.558417 -9.184030 -0.868873 -0.178982 -0.004340 -0.000832 -0.002235 0.531425 -0.343184 0.889657
9.531160 -3.485260 -1.289243 -0.434972 -0.149596 -0.644613 -0.167781 0.723178 0.227803 9.041550 3.667040 3.053060 0.821331 -0.208192 -0.371175 -0.584724 0.285621 -0.311754 10.028260 -5.887910 4.044010 0.196608 1.236006 0.077791 -0.335305 0.596918 0.250362 -10.063170 1.103483 -1.587324 -0.312139 -0.100828 -0.326068 0.476859 0.339866 0.457154 -8.732950 -4.769120 -1.104655 -0.047198 -0.277226 0.302435 0.836472 0.037490 -0.460408
7.693350 -0.142595 5.826510 0.246009 -0.315209 -0.035526 -0.503256 -0.058666 -0.823914 -3.818563 7.429320 3.370060 -0.647336 0.185395 1.431562 0.639717 -0.530518 -0.466516 -2.918448 -2.654919 8.695360 0.634745 -0.472565 -0.705166 0.470228 -0.098723 -0.843049 0.574262 8.361640 4.324480 -0.054900 -0.125039 0.629733 -0.515088 -0.685693 -0.441507 -1.382055 -9.566650 1.211634 0.041965 -0.054657 -0.810896 -0.329195 0.913437 -0.008532
9.436180 -0.053999 2.711180 -0.002285 0.022466 -0.013861 -0.358964 0.240800 -0.102284 9.437070 2.725080 0.408732 0.032028 -0.019556 -0.007404 -0.457696 -0.062587 -0.235526 9.396480 -1.872480 1.931020 0.005065 0.006044 -0.012631 -0.385407 0.271846 0.093731 -9.563870 0.742286 -1.957170 0.006051 0.014957 -0.002399 0.327524 -0.033655 0.297394 -9.675910 -1.594910 -0.457485 -0.003690 0.005711 -0.016396 0.404502 0.080714 -0.131863
7.817537 -2.531700 1.887042 -0.055888 0.077426 -0.035976 -0.728384 -0.321697 -0.291259 7.706786 3.515143 1.080327 -0.259989 -0.356307 0.025526 -0.382395 -0.578642 0.384968 7.290505 -3.078220 2.618005 0.043217 -0.007431 0.334069 -0.417716 0.089737 -0.639040 -9.372020 2.384394 -2.087790 -0.070371 0.085322 0.122243 0.485438 -0.262627 -0.471278 -10.016185 -3.542322 -1.402378 0.007197 0.067318 -0.011478 0.442275 0.180197 0.610456
9.815820 0.007326 -4.410326 -0.016432 0.117697 -0.018254 -0.876798 0.041646 -0.114517 8.732360 2.647230 3.685140 0.201496 -0.334930 -0.124186 0.783453 -0.247715 -0.354671 9.106730 -0.805529 3.061730 0.140253 0.028708 -0.904089 -1.706310 0.415732 -0.573630 -11.453890 1.810178 -1.973358 0.094833 -0.174452 1.128998 0.803893 -0.277872 0.266797 -9.848840 -2.074169 -0.788158 -0.143216 -0.097423 0.884876 0.735418 0.860183 -0.140878
9.501460 -0.280306 2.315620 -0.040987 0.000352 -0.055981 -0.446756 0.038305 0.142671 9.038460 3.003160 2.173710 -0.018037 -0.032966 -0.059612 -0.605960 0.248982 -0.227349 9.323750 -1.804210 2.049960 -0.067167 0.024027 -0.055996 -0.486956 0.018796 0.072954 -9.580020 0.707321 -1.843700 0.027708 0.011973 0.023059 0.451202 0.163089 0.177244 -9.749700 -1.418976 -0.303158 0.038093 0.005605 0.003079 0.520923 -0.213197 -0.132317
10.470770 -0.882609 3.678370 0.228959 0.008292 0.114189 -0.553731 -0.409473 0.080294 10.660060 3.584640 1.950661 0.392649 -1.023574 2.801042 -0.391395 -0.223077 0.344851 11.078040 -2.191850 1.548772 0.687260 -0.165695 0.194289 -0.543792 -0.338254 -0.209528 -11.117640 1.300759 -1.325047 -0.014703 0.179392 -0.444197 0.551121 0.051751 -0.342852 -10.989310 -0.447050 -0.353015 -0.550853 -0.008566 -0.653595 0.443686 -0.322567 0.230641
8.910870 -1.641530 3.778830 0.015844 0.031379 0.001586 -0.833645 -0.449964 -0.013556 1.479170 9.652950 0.529204 0.005097 -0.008104 -0.003173 0.215183 -0.822390 0.513460 1.032750 -5.930100 7.783610 -0.005248 0.003485 -0.007666 -0.537807 0.140768 -0.590394 -3.863250 8.971230 -0.375950 -0.002590 0.011569 -0.008863 0.405897 -0.531079 -0.397083 -1.336270 -9.730400 0.363143 -0.005238 -0.000796 -0.004122 0.248015 0.627361 0.490829
9.177910 -2.519450 2.403150 -0.003060 0.030872 0.003902 -0.556775 0.171299 0.065408 8.599400 4.358800 1.654820 0.015584 0.005020 -0.005581 -0.642300 -0.257062 0.264585 8.577420 -3.700920 2.955730 -0.006817 -0.006064 -0.002559 -0.551332 0.019918 -0.119048 -9.796500 0.011741 -0.250884 -0.001799 0.016188 -0.005700 0.593823 0.226396 -0.243656 -9.823850 -0.187133 -0.418930 -0.003023 -0.003637 -0.004739 0.718777 -0.244743 0.343697
8.930530 -0.331840 -4.083100 0.171909 0.129278 0.044388 -0.982618 -0.020773 -0.171867 1.836034 4.119790 9.006690 0.153857 0.121048 0.005876 0.411310 -0.292939 -0.740408 1.785980 -3.571450 10.087350 0.605327 0.086220 0.341870 0.375311 0.143883 -0.799210 2.911820 8.799460 -1.080787 0.037358 -0.122542 -0.814411 -0.740504 -0.557230 -0.124512 3.446740 -8.632300 -1.489689 -0.056061 -0.306064 0.742640 -0.753450 0.491240 0.197041
9.382070 -0.603981 3.544800 -0.029240 0.065178 0.019859 -0.601184 0.197706 -0.637448 9.852990 2.708418 1.986440 0.283340 -0.567398 1.844271 -0.503154 -0.183393 -1.092439 10.077340 -2.307287 2.670690 0.318213 0.582299 1.120413 -0.566504 0.794353 0.279184 -10.135240 -0.395500 -2.758350 0.113360 -0.235247 -1.178017 0.551616 -0.549470 0.465178 -10.959880 -0.837587 -1.446127 0.130607 -0.160853 -1.620497 0.972431 0.509567 -0.194492
8.281310 0.179545 3.885990 -0.439942 -0.025048 -0.123794 -0.744032 -0.001649 -0.963287 9.158840 2.868400 2.009540 -0.934504 0.330965 -0.816372 -0.809914 -0.740076 -0.466900 9.100880 -3.214190 2.975890 -0.768827 -0.479275 -0.926288 -1.381634 1.471990 -0.153725 -10.293140 -3.713840 -1.382362 -0.781660 0.247616 1.927754 0.299123 -0.670648 0.298539 -9.629200 3.186370 -2.083522 -0.660551 -0.215961 1.371714 0.497104 0.573149 0.283923
9.628210 -0.063321 1.873390 0.009388 0.035907 0.006138 -0.586291 -0.161262 -0.109234 8.980430 3.474720 1.815120 0.005785 0.009300 -0.013144 -0.424834 -0.342691 0.074281 9.348390 -2.527050 1.430920 0.010596 -0.007699 0.000961 -0.497134 -0.061253 -0.182608 -9.737430 0.799446 -0.894551 -0.002844 0.011776 -0.001248 0.535448 -0.056533 -0.231804 -9.561170 -1.694830 -1.454910 -0.008941 0.003675 -0.011563 0.477421 0.152502 0.360982
10.637250 0.225242 0.010577 -1.073663 -0.007758 -0.068058 -0.387030 -0.192031 0.470030 2.602140 9.135350 2.274440 -0.133640 -0.643328 -0.337810 -0.327296 -0.384897 0.317024 8.173570 -5.457240 2.560753 1.825732 -1.470593 -2.005168 -0.462450 -0.069904 0.063246 -9.087890 1.447419 -1.419344 0.933569 -0.214270 0.245528 0.277303 0.462613 -0.086563 -9.747280 0.475209 -0.695515 1.761211 0.325363 0.780847 0.301335 -0.279596 0.369853
9.505580 -0.019100 2.437370 -0.003761 -0.013259 -0.007778 -0.935432 0.454146 -0.309887 8.996900 3.252000 2.012920 0.015378 -0.011752 0.004053 -0.847754 -0.246400 -0.583821 9.135860 -2.811150 2.165050 0.007280 -0.015510 -0.019201 -0.822678 0.658899 -0.048913 -9.666640 0.065853 -1.513440 -0.010004 0.010199 -0.017780 0.848507 -0.096391 0.515909 -9.676910 -0.706351 -1.328520 -0.009130 0.005184 0.002690 1.133700 0.341541 -0.018253
9.606650 0.073586 2.056530 0.031825 -0.007940 -0.016934 -0.823773 0.211246 -0.057539 8.923860 3.628670 1.724270 0.080167 -0.002218 0.015103 -0.526324 -0.101909 -0.225660 9.322730 -2.586550 1.541600 0.038094 -0.008666 -0.025317 -0.510682 0.310441 0.051324 -9.731060 0.830735 -0.924955 -0.025074 0.007838 -0.009272 0.508750 -0.050745 0.224257 -9.555630 -1.723990 -1.420120 -0.024613 0.006089 -0.007694 0.575836 0.111336 -0.070747
8.969810 -0.361064 3.937020 0.007387 -0.007704 0.000816 -0.240394 0.138091 -0.468787 8.215430 5.294060 -0.488711 0.027792 -0.062394 0.002594 -0.443927 0.068435 -0.164109 8.542370 -4.745820 -0.684748 -0.019295 -0.043781 -0.013860 -0.389311 0.281018 -0.268958 -9.797280 -0.205021 -0.412433 -0.010782 0.015286 -0.011066 0.490205 -0.276711 0.145648 -9.798420 -0.233093 -0.629236 -0.000797 0.003127 0.007205 0.459259 0.168715 -0.307785