16422
16582
16680
16686
16698
16702
16822
16902
16389
16433
16441
16449
16465
16475
16479
16505
16509
16511
16521
16549
16563
16567
16591
16593
16603
16607
16625
16629
16639
16657
16705
16711
16727
16729
16737
16745
16751
16809
16811
16831
16833
16835
16843
16845
16867
16869
16871
16873
16877
16993
17027
17037
17067
17069
17071
36
158
282
288
296
298
314
316
518
598
7
11
23
55
65
67
81
95
97
103
107
131
171
189
217
249
251
257
259
261
273
275
331
335
341
353
367
375
379
405
421
431
433
451
453
457
461
467
473
493
497
501
605
607
16776
17058
36
118
304
382
386
470
474
598
712
49
51
91
175
205
255
327
331
409
453
657
16422
16660
16682
16684
16694
16776
16782
16820
16930
16936
16938
16940
16942
17022
16403
16427
16509
16519
16587
16637
16717
16745
16785
16795
16799
16807
16809
16839
16847
16865
16875
16947
16949
16985
16987
17033
17065
680
16531
16661
16815
437
16414
16998
698
16540
16602
16702
16900
16427
16433
16785
16837
58
108
222
372
438
464
542
548
16562
16772
237
609
16414
16688
16774
16934
16936
16385
16391
16519
16585
16719
220
224
378
380
382
588
413
419
16443
16741
16859
392
674
371
375
409
419
463
523
529
571
16462
16534
16618
17046
17088
16385
16399
16405
16525
16719
16721
16727
16733
16747
16755
16799
16833
16873
16879
16881
16921
16987
64
190
216
220
506
16663
38
216
230
234
310
438
257
325
16674
16739
17091
17093
17095
2
16618
17018
17038
100
16682
17044
16555
16587
16749
16795
16801
16851
16877
16929
277
609
16508
58
16966
216
318
47
447
544
16420
16666
16702
16455
16729
16741
16893
214
226
16594
66
68
212
382
386
388
506
512
550
141
16480
648
690
16604
16511
16875
62
216
16406
16410
16412
16414
16690
17058
16517
16641
16705
16787
16813
16815
16851
16989
119
16853
480
16708
156
626
81
87
283
417
481
16758
16592
182
224
228
376
253
407
16928
17002
16991
146
180
186
224
694
423
16492
16902
16839
17013
284
292
518
662
57
207
263
327
335
337
353
413
427
443
471
491
501
565
16666
16672
16700
16976
17102
16385
16439
16445
16477
16483
16485
16493
16495
16501
16511
16513
16525
16527
16529
16547
16549
16563
16565
16567
16587
16593
16597
16635
16653
16659
16717
16735
16737
16741
16745
16751
16753
16763
16771
16799
16801
16807
16811
16813
16815
16837
16841
16851
16853
16859
16987
16991
16993
631
715
16439
16495
16577
16641
16989
22
371
423
699
16384
78
194
196
238
290
294
298
300
304
306
314
318
398
5
13
19
45
49
53
99
131
137
173
201
219
249
261
269
271
325
329
331
335
347
349
351
353
363
369
375
377
379
411
417
423
441
443
455
457
459
463
465
483
487
497
523
561
563
603
605
609
621
651
26
28
394
434
548
19
205
253
445
607
647
16412
16602
16839
713
16600
32
286
292
294
672
55
93
143
167
273
347
351
379
423
471
505
17068
280
16692
16934
17056
16625
16639
16831
16949
16997
17035
17071
216
16462
16530
16562
16564
16566
16610
16612
16696
16702
16902
16389
16707
16747
16837
475
16416
16462
16580
16680
16688
16782
17092
16513
16523
16525
16553
16587
16629
16631
16723
16787
16807
16827
16865
16951
16953
16987
16991
16993
38
188
226
232
278
300
314
558
664
672
49
135
281
419
455
531
16659
16947
16985
17083
180
188
222
310
396
438
43
411
16962
16951
76
198
216
220
228
232
234
272
472
474
516
596
714
1
3
7
85
121
255
257
281
285
333
335
403
413
451
457
607
641
16904
284
636
181
16602
16608
16770
16429
182
190
222
224
310
474
51
93
621
16410
16500
16502
16674
16678
16680
16694
16698
16774
16862
16395
16441
16467
16471
16475
16523
16547
16589
16601
16713
16721
16729
16753
16829
16871
16881
282
300
263
415
423
16462
16686
16910
16962
16966
16389
16391
16399
16443
16447
16481
16493
16511
16515
16519
16525
16527
16595
16603
16645
16653
16723
16725
16729
16733
16811
16815
16851
16853
16871
16879
16883
16887
280
273
16916
16922
16799
180
298
300
676
337
459
16964
16659
216
218
378
384
17086
16931
300
526
542
139
141
147
155
255
417
419
647
685
16444
16596
16756
16760
280
131
175
269
325
375
409
431
435
455
483
16666
16964
700
317
16754
486
16410
16412
16772
16441
16641
16643
16807
16873
16883
16889
17067
382
16682
16774
16815
16847
16851
16855
16885
216
374
253
415
16432
248
16402
292
273
567
16562
16570
16608
16684
16900
17054
17088
16477
16593
16709
16805
16831
16907
16915
16919
16991
17027
206
16416
16606
16894
17060
290
658
427
511
515
319
16606
16608
16612
16680
16684
16688
17044
17054
16437
16641
16715
16807
16991
16999
388
5
45
93
125
335
363
369
455
567
645
2
16920
70
96
102
216
218
220
222
224
388
708
16416
16674
16780
17060
16495
16521
16643
16657
122
16644
79
16460
16658
16766
16928
16938
17098
16631
16989
17031
542
195
611
16416
16418
16422
16582
16620
16684
16690
16780
16782
17016
17054
17058
17060
17096
17100
16387
16435
16505
16509
16515
16547
16551
16589
16627
16637
16723
16835
16865
16871
16951
16991
66
198
224
352
382
472
548
638
710
11
41
685
16562
16574
16694
17060
16717
16911
32
556
622
630
441
583
585
16499
16523
353
429
16423
353
457
605
16596
16770
17058
16473
17069
382
542
16592
16542
16622
16702
16772
16820
16930
17018
17022
17094
16393
16395
16477
16505
16515
16519
16547
16585
16667
16801
16807
16833
17025
17069
102
218
382
16572
16678
16753
16857
16999
17015
186
188
664
708
427
623
16412
16928
16577
16815
226
380
16577
16691
34
304
538
9
51
61
67
93
121
131
257
273
441
457
459
501
619
16938
16443
16573
16627
17077
36
106
112
116
216
226
312
386
716
5
7
245
323
605
643
49436
49444
49173
49177
49257
49327
49505
49543
49727
49735
33036
32995
33143
49634
33437
33443
49610
33038
33236
32987
33097
33343
49181
33424
49448
49732
49778
49199
49365
33180
49166
33424
33151
33297
49484
33238
32997
33231
49760
33022
49535
49539
33044
33318
33356
33358
32789
32863
32943
32985
32987
32999
33001
33009
33147
33153
33157
33415
33465
49570
32858
49189
49205
49793
49799
33062
33384
32917
33215
49604
33188
49194
49396
49461
33088
49240
32802
33042
33086
33164
33244
33364
33406
33466
33474
32775
32851
32867
32893
32895
32937
32939
32941
33013
33019
33213
33221
33263
33307
33319
49453
33296
33345
33471
49610
32960
32966
32779
32993
32997
33013
33091
33145
33249
33337
33373
33383
33449
33459
49189
33222
49780
49539
49543
49547
49623
49843
32916
33344
33414
33464
33470
33143
33307
49823
33176
49162
33038
33057
49516
33102
33220
49752
33252
33357
49185
32967
49490
33254
32949
49181
49239
49255
49317
49401
49531
49581
49649
49795
49821
49841
33194
49288
33388
33053
49300
49426
49175
33332
49292
33250
49282
33069
49464
49590
49668
49706
49167
49209
49211
49245
49375
49411
49515
49527
49537
49555
49561
49683
49687
49689
33236
32775
32869
33209
49580
49201
49371
49555
49837
33370
49342
49185
49355
49399
49513
49539
49160
49570
33092
49486
33018
49187
49737
33250
49422
32854
33218
49448
49548
49177
49179
49373
49417
49495
49499
49535
49663
49837
32778
49181
49183
49185
49653
49861
33106
49266
49422
49590
49393
49420
49508
32920
32966
33040
33242
32889
33329
49214
32886
32958
33046
33064
33086
33284
33314
33364
33396
33404
33446
32773
32777
32791
32795
32819
32849
32867
32871
32889
32893
32897
32901
32989
32993
33013
33091
33093
33099
33115
33139
33177
33185
33209
33227
33289
33415
33421
33431
33449
33453
33463
33471
49236
49484
49455
33200
33057
33059
33067
49288
33060
33322
32839
32863
33017
33091
33145
33155
33159
33163
33411
49576
33096
49264
49268
49388
49428
49430
49508
49586
49812
49856
49858
49167
49201
49213
49361
49367
49373
49403
49525
49531
49673
49683
49693
49697
33047
49346
49508
49510
49828
49193
49207
49235
49239
49313
49367
49401
49439
49521
49555
49563
49713
32900
33313
49424
49502
32914
33238
49704
49549
32793
32795
32819
32871
32983
32987
33049
33145
33453
33463
33471
33475
49506
33104
49453
49711
33086
33479
49572
33180
49226
49464
49385
49399
49401
49411
49533
32797
33431
49190
49468
49550
49700
49706
49708
49157
49167
49215
49247
49275
49321
49333
49371
49373
49477
49543
49561
49649
49805
49841
49843
49845
49851
33447
49180
49173
49435
49533
49689
49699
49705
33069
49674
33073
49222
49264
49302
49460
49237
49325
49369
49491
49535
49683
33016
49449
33422
33450
49184
49186
49344
49502
49504
49584
49359
49519
49529
32838
32878
32920
32966
33478
33051
33149
33151
33175
33185
33191
33231
33303
33369
49406
32856
49408
33354
33358
33386
33390
32929
32969
49310
49444
49550
49217
49223
49243
49275
49277
49289
49319
49321
49373
49383
49387
49521
49563
49575
49819
49835
33374
32841
32987
33153
33155
33161
33279
33327
33367
33132
32805
49545
49547
33268
32977
49748
49169
49657
49731
33012
49190
49296
49586
49685
32836
33399
49614
49531
33149
33287
49760
49836
32920
33246
33280
33346
32939
33055
49652
33071
49182
49350
49430
49508
49550
49588
49626
49628
49812
49830
49860
49161
49193
49209
49273
49339
49353
49373
49435
49475
49529
49673
49679
49683
49685
49693
49695
49759
33224
33426
49674
32837
32997
33439
33443
33475
49512
49752
32818
49181
49209
49247
49327
49353
49359
49367
49373
49375
49379
49381
49415
49497
49501
49795
49849
32797
32803
32813
49266
49578
49700
49377
49379
49437
49833
33190
32993
49408
33188
16786
6
430
494
297
16700
16742
16812
16982
17092
16507
16559
16629
16713
16745
16791
17027
17031
664
702
16497
158
183
229
457
523
16666
23
16462
16403
16563
16565
16601
16709
16779
16835
16865
16879
17
183
217
347
16559
16607
16767
16769
16797
16813
20
94
184
378
458
460
16490
16532
16700
16734
16806
16818
17086
16785
16909
16987
684
692
169
553
16670
488
295
661
16950
484
16695
17047
397
16392
16472
16478
16606
16648
16734
218
222
538
303
16768
16774
17078
306
209
215
253
297
16510
16514
16846
399
16884
16559
16909
17027
616
21
383
16502
16692
16898
16555
16557
16871
16907
17077
17081
113
16392
16440
154
55
97
187
217
257
333
16410
16414
16418
16450
16566
16570
16574
16608
16612
16642
16654
16720
16806
16840
16902
16982
17014
17100
16673
16679
16681
16683
16685
16785
16907
16915
49
385
657
661
701
703
17074
16933
118
138
140
146
152
192
198
232
238
342
344
356
420
668
121
243
283
287
403
443
529
603
647
687
689
693
16820
16403
16565
152
304
512
718
143
171
217
257
261
445
603
16459
138
140
254
390
548
592
704
521
603
17066
17068
16937
608
17102
16891
4
691
16420
16496
16572
16622
16652
16654
16860
16862
17060
17086
16665
16681
16705
17001
610
381
17057
214
16405
17041
0
16581
606
16857
362
611
16402
16486
16516
16640
16718
16842
17003
516
65
91
169
219
241
251
16474
16522
16598
16600
16642
16646
16658
16720
16814
16872
16467
16625
136
568
16692
16517
16525
16609
16777
471
16482
16606
17005
50
104
222
256
266
382
384
490
516
702
704
710
401
527
535
603
681
16456
16578
16840
16850
16437
16633
16787
16827
16945
91
181
183
249
375
411
449
541
543
16782
16959
620
63
67
69
383
385
16433
16451
17035
17075
128
178
651
16482
16514
16520
16524
16560
16606
16874
16876
16691
203
339
387
645
681
707
16536
16896
16479
75
144
184
188
394
416
706
43
561
16925
16969
16490
16614
16644
16804
16820
16844
16934
16972
17050
16677
16679
16915
102
226
312
426
674
297
641
16436
16478
17037
524
16443
16451
151
403
697
16485
16521
114
234
314
458
518
598
662
670
678
163
167
205
601
16390
16392
16394
16720
16850
477
16444
16492
16526
16580
16602
16878
16980
17086
16677
16691
16785
288
290
21
16836
669
17068
218
246
458
704
16553
16777
138
694
706
297
16394
238
300
552
135
247
263
449
655
16779
124
16551
16759
16885
16442
16450
16600
16640
16806
16886
17084
17088
17090
17092
106
228
234
312
420
422
424
590
125
209
243
367
527
531
535
643
17017
190
276
340
344
396
420
474
447
537
541
643
16690
16427
16557
16757
16841
16889
2
4
16422
16892
16505
16551
16559
16597
16601
16629
16883
6
490
16544
126
16684
16900
16932
16940
16397
16405
16515
16521
16607
16745
16759
16773
16807
16827
16835
17037
17039
17087
16497
524
16946
16925
557
16900
16431
16447
16475
16599
16635
16641
16715
16879
17079
17083
59
89
389
641
16968
679
16501
2
17010
17068
17070
17072
38
144
426
428
460
466
700
443
16445
16551
16597
16769
16839
16949
119
16462
16549
16791
17085
160
16418
16420
16520
16526
16574
16654
16662
16730
16806
16808
16810
16814
16818
16820
16890
16896
16898
16900
17080
17098
16425
16671
16675
16825
16915
16917
17025
342
299
373
381
16698
16898
16900
16974
16429
16555
16565
16705
16757
16789
16827
16921
312
57
101
171
183
185
281
16563
16567
16709
16885
663
17097
418
574
624
632
16507
17031
310
556
219
379
387
683
691
695
16434
16530
16650
16886
16995
17045
36
140
158
262
268
466
624
634
694
165
283
291
321
441
16889
17057
398
702
704
16534
16612
16900
16427
16987
16995
16999
78
302
474
662
81
87
165
167
181
207
213
329
361
363
401
483
543
545
16950
16958
225
383
16614
17000
17102
16551
130
224
226
254
334
338
388
472
664
241
481
16533
16773
67
705
49779
33208
49589
33208
49332
49350
49464
49197
49203
49239
49397
49481
49721
49723
33078
33440
32785
33193
33457
32978
49425
49476
33306
33107
33333
49452
49458
49175
49203
49409
49485
49531
49565
49569
49651
32797
33183
49629
33227
49220
49258
49366
49620
49740
49746
49826
49635
49713
49837
33064
33193
33283
49392
49518
33328
49334
49802
49207
49487
33412
49318
49322
33416
49469
33154
33304
49817
32872
33034
33384
33329
49345
33028
33485
49682
49800
32792
33353
49503
33207
49347
32923
49783
33027
33111
49450
49690
49742
32875
32889
33173
33329
33337
33341
32938
49344
49452
49501
49503
33208
49632
49469
32921
49274
49703
32956
32781
32909
49216
49354
49522
32892
49354
33408
49184
49224
49468
49706
49854
49856
33308
33396
49465
33205
49267
33008
49540
49721
49723
33064
33310
32781
33409
49686
49514
49642
33126
33246
32773
32775
32783
32929
32939
33033
33035
33193
33237
49861
33367
49425
49587
32944
33158
33160
33264
49351
32804
32946
32948
32960
33076
33080
32777
33371
49182
49585
49775
32830
32773
49659
49771
33007
49752
49583
32946
32956
33386
33131
33253
33333
49187
49434
49789
49228
49268
49338
49864
49239
49775
32932
33420
32867
49688
49698
49824
49433
49833
49841
49855
32780
33272
33333
49318
49509
33064
32819
32917
33105
49711
33486
32775
49778
49163
49733
49737
33294
49387
33241
49250
49730
49736
49774
33008
33463
49330
49415
49497
49613
49655
33284
33438
33476
33478
32903
33015
33057
33173
33181
33289
49220
49382
49688
49801
49813
33483
49345
32860
33126
33146
32953
49330
49519
32822
33424
33466
33313
32810
49589
33164
33273
33385
49208
49226
49772
32882
33064
32795
49383
33167
49631
33054
33436
33446
32821
32861
32897
32899
32903
32907
32909
33011
33023
33031
33033
33095
33103
33105
33111
33129
33169
33171
33193
33215
33233
49871
33168
49785
32921
49204
49214
49220
49488
49512
49562
49660
49826
49445
49799
33412
49262
49270
49386
49528
49782
49153
49519
33121
49349
33399
33247
49216
49422
49285
32882
32920
32924
33140
33164
33284
32897
33331
33369
49514
33117
49596
32970
49257
49621
49318
49330
49519
33088
33199
49216
49222
49624
49289
49813
33225
49827
33241
49554
33287
49214
49218
49294
49416
49357
49467
49847
49186
49190
49268
49384
49175
49289
49315
49571
49573
49717
49721
49755
16906
16912
16579
16384
16646
114
384
426
709
16776
16854
16938
16727
16729
16949
16951
17025
38
76
116
190
270
272
278
310
358
394
432
472
556
558
596
632
638
676
41
49
81
83
89
241
283
287
361
379
401
403
405
449
483
487
491
493
525
561
567
569
575
605
683
16524
16814
16913
239
16718
16924
16932
16601
16957
74
76
116
144
178
236
274
278
352
358
430
434
472
47
55
67
201
219
251
281
335
347
365
375
379
407
457
493
525
565
567
601
16450
16652
16537
16729
16875
10
315
16524
426
223
16824
17066
17078
386
195
16452
16454
16774
16888
16892
16908
16922
16437
16485
16531
16839
16843
17041
17047
17049
17053
17057
17059
17061
17095
656
16486
16605
70
542
620
613
16928
16953
134
260
16448
16452
17097
118
178
180
354
426
87
99
217
229
289
579
17078
386
502
673
16734
16736
16738
16854
17036
17040
16425
16443
16593
16673
16675
16867
166
16454
16502
16858
16936
16613
16705
16723
16955
72
74
78
116
236
268
298
304
316
386
388
396
470
530
558
638
9
21
27
29
83
97
109
129
131
137
143
167
243
261
283
287
321
331
337
339
341
347
349
367
405
415
441
443
451
483
563
601
607
609
617
643
647
667
689
17050
17076
170
17010
17034
17078
16474
16482
152
160
180
270
575
16448
16450
16387
16539
17091
656
297
16448
16452
16886
16489
686
16450
16458
16702
16890
16898
16936
16389
16393
16397
16467
16473
16481
16485
16587
16589
16597
16599
16603
16645
16673
16707
16715
16999
17003
186
436
468
470
598
59
87
93
99
101
103
223
339
345
461
487
567
605
16528
16530
16562
16856
17060
16387
16439
16593
16595
16599
16601
16605
16611
16665
16673
16751
494
663
16654
16726
16615
113
16450
16462
16622
16654
16660
16682
16684
16686
16690
16772
16774
16780
16782
16818
16820
16858
16886
16888
16978
16397
16405
16429
16431
16435
16439
16483
16485
16511
16589
16591
16593
16595
16599
16605
16635
16643
16645
16705
16715
16725
16731
16751
16757
16759
16761
16805
16807
16831
16871
16905
16985
16997
17065
38
112
150
152
180
184
276
278
306
350
356
358
432
518
542
672
678
718
7
49
53
83
89
91
101
127
129
133
137
161
217
219
221
245
249
251
257
285
289
333
335
373
377
411
453
459
461
563
16422
16452
16460
16702
16770
16772
16780
16894
16896
16898
16926
16930
16391
16401
16413
16493
16531
16665
16729
16757
16759
16803
16805
16841
16869
17031
17043
17057
328
227
315
639
16550
16552
16850
17014
16407
17083
17093
300
304
352
468
463
569
581
657
697
16414
16558
16742
16782
17042
17046
17078
17086
16467
16485
16601
16879
18
20
16800
16836
56
16460
16502
16618
16688
16814
16928
16395
16399
16427
16483
16489
16553
16613
16641
16671
16721
16727
16793
16873
16945
17071
305
573
17032
17034
16611
225
333
16386
86
575
16460
16462
16494
16540
16566
16568
16574
16580
16620
16780
17050
16389
16425
16429
16437
16443
16481
16483
16511
16513
16591
16593
16595
16597
16603
16639
16705
16713
16721
16755
16757
16793
16839
16873
16875
16883
16911
16917
16987
16989
17067
72
308
354
390
474
476
504
518
323
329
487
683
709
17032
150
176
394
628
223
229
569
17012
17003
313
16528
16691
223
295
16654
16656
16772
16860
16898
16389
16407
16481
16517
16605
16633
16645
16711
16799
16825
16843
16847
16849
16871
16879
16905
480
16502
16620
16736
16814
16896
16970
17018
16425
16477
16487
16511
16597
16611
16667
16723
16755
16791
16869
16949
415
675
709
17040
248
16560
16736
16818
16477
16605
16607
146
182
272
626
229
253
295
407
521
16586
186
268
300
306
308
428
510
542
544
9
81
95
99
127
291
329
347
415
451
523
573
641
17078
16601
267
148
156
434
478
598
630
654
692
207
76
198
388
434
436
201
219
229
283
565
16874
17030
16452
16496
16696
16768
16772
16854
16882
16886
16896
16391
16405
16471
16483
16487
16527
16633
16643
16645
16793
17025
17041
200
16584
119
16864
390
494
524
603
16500
16654
16862
16938
17022
17094
16405
16477
16799
16957
16989
16991
17003
17067
162
16463
432
436
209
229
16466
38
112
168
308
287
16500
16502
16616
16618
16658
16778
16780
16822
16854
16938
17012
17020
16387
16397
16475
16483
16595
16629
16635
16639
16641
16707
16725
16745
16749
16753
16785
16795
16797
16869
16951
17065
16
136
17030
66
72
78
192
238
396
43
129
205
221
265
321
323
327
331
349
377
441
447
451
487
567
482
16888
16447
16841
17067
17095
168
502
107
219
16558
16403
16591
16611
16989
396
428
468
472
510
29
127
219
289
441
685
16548
112
192
318
350
518
554
558
43
49
51
53
101
105
213
219
253
335
349
401
493
611
16611
16613
16967
262
336
550
225
16560
16564
17046
16483
16635
16729
581
617
16620
16652
16764
16766
16778
16886
16888
16916
16932
17022
16559
16599
17043
17069
17081
184
308
209
261
591
633
180
16422
16500
16654
16698
16385
16437
16487
16607
16727
16985
182
276
278
227
241
16740
16842
16854
16599
16751
508
538
57
205
16520
386
713
16882
16908
232
310
432
29
671
16396
16398
16408
16412
16442
16482
16540
16718
16720
16892
16465
64
196
270
272
394
428
432
17
123
219
221
243
373
563
571
699
16448
16560
16611
16876
16581
66
166
386
502
504
534
193
613
705
16638
16701
16582
16692
16694
16780
16860
16389
16479
16481
16487
16505
16673
16707
16725
16727
16731
16733
16747
16839
16843
16951
16953
16961
16969
16987
172
16560
16654
16976
17094
16479
223
16498
16562
16654
16656
16684
16690
16782
16854
16938
17090
17094
17100
16395
16435
16507
16513
16605
16607
16609
16711
16717
16723
16827
16845
16869
16871
16873
16985
29
35
657
16576
16810
16579
164
121
573
49604
32898
32988
33288
49350
49444
49171
49173
49313
49355
49423
49531
49637
33047
49824
49826
49291
49611
49689
49693
49672
32774
49256
49260
49268
49590
49788
49864
49205
49275
49333
49479
49637
49679
49797
32837
33243
49625
32990
32996
32998
33282
33336
33430
33421
49244
32907
33019
33039
49250
49370
49378
49492
49534
49750
49860
49868
49803
49807
49809
49833
49841
32862
32994
49335
49539
32804
33066
33078
33164
33204
33244
32819
32909
32937
33015
33039
33099
33185
33219
33291
33451
49313
49783
33140
33123
49384
49454
49456
49458
49550
49588
49776
49784
49790
49818
49868
49199
49239
49281
49287
49315
49323
49355
49473
49479
49513
49521
49597
49633
49639
49685
32847
32921
49378
33026
33030
33112
33286
33474
49331
49653
49695
32870
32992
33002
33297
49376
49494
49730
49786
49858
33286
33354
32867
32889
32937
33133
33269
49370
49376
49844
33444
32889
32899
32941
32943
33019
49306
49313
49321
49331
49361
49537
49633
49659
49677
32876
32986
49248
49372
49376
49412
49414
32984
49468
49319
49321
49323
49537
49613
49647
49675
32790
32922
32992
49366
49370
49866
49313
49677
49699
49765
49777
32876
32998
33074
33061
33101
33259
49408
32926
32793
32799
32895
32935
32971
32975
33049
33417
33469
33475
49364
49496
49718
32968
49438
49323
49473
49529
49557
49619
49675
49835
32883
49366
32916
33046
33276
33446
32935
33217
33417
33463
49344
49376
49380
49412
49490
49608
49670
49750
49868
49679
49683
49797
32800
32922
32924
33066
33068
33076
33084
32783
32819
32857
32889
32897
32943
32973
32981
33029
33097
33105
33133
33213
33221
33249
33253
33257
33259
33289
33463
49370
32984
32998
33002
33366
32811
32849
32851
32941
32943
32945
33009
33147
33271
49152
32835
32841
32907
49258
49315
49653
32936
49703
33271
49376
49528
49677
33145
33241
49186
49382
49386
49788
49822
49824
49325
49519
49597
49635
32864
32984
33419
49304
49426
49446
49546
49686
49688
49690
49694
49704
49239
49297
49433
49497
49533
49539
49553
49579
49601
49607
49617
49645
49677
49797
49813
49815
49843
49857
49859
32879
49468
49706
49828
49868
49167
49199
49209
49217
49237
49279
49353
49359
49399
49645
49803
33000
33002
33006
33028
33150
33202
33364
32935
49219
49265
49325
49537
49539
32999
33153
33155
49549
33404
32843
33289
49366
49807
32866
32868
32870
32876
32896
32988
33440
33067
49420
49267
49537
49607
33230
33347
33395
49438
49421
49423
49685
32962
33286
33326
32769
32773
32781
32783
32861
32895
32909
32939
32945
33023
33025
33103
33129
33145
33171
33255
33259
33451
49425
32802
32884
33000
32819
33017
33219
33257
33265
33291
33329
49220
49372
49428
49626
49630
49679
33325
49219
33082
49174
49203
49327
49557
32846
33000
33350
49583
49871
32992
33069
49256
33112
49438
49165
49201
49217
49423
49521
49779
33286
33360
33413
33423
33433
33459
49416
49420
49612
49622
49451
49553
49687
49793
32998
33364
33476
32781
32817
32907
32931
32937
33053
49696
49653
49801
33140
33476
49256
49382
49386
49534
49820
33346
32909
49378
49810
49824
49165
49225
49661
49665
32982
49751
33395
33000
33164
33320
33406
33478
32933
33169
33251
33289
33303
33419
33421
49507
32996
33004
49266
49297
49567
32962
33072
33116
33478
32861
33421
49462
49245
49293
49315
49333
49397
49807
33054
32959
32963
49374
49313
33348
32949
33303
49258
49461
49707
32806
32769
32783
32809
32827
32849
32859
32861
32903
33015
33027
33099
33209
33223
33253
33271
49406
33039
33109
49509
32881
49358
32914
33110
33366
33474
33059
33209
33303
49442
49421
49803
33386
33392
33157
49380
32884
33058
33066
33068
33084
33126
33284
33440
33478
33480
32771
32787
32817
32823
32863
32895
32897
32899
32907
33019
33101
33111
33113
33137
33149
33173
33211
33221
33227
33253
33411
33421
49163
49219
49221
49489
49579
49805
49819
32988
49378
49648
49858
33293
33363
33421
49258
49386
49689
49691
33018
33455
49376
49610
49451
32986
33138
33077
33209
49772
49169
49481
49517
49539
49635
33311
49623
32915
33431
33463
49254
49258
49380
49820
33196
33472
49496
49582
49854
49841
33060
33062
32943
32945
33037
33237
33267
33473
49434
49442
32854
49386
49768
49772
49545
49701
32806
33336
33013
33099
33423
49700
49313
49317
49329
49687
32787
32895
33039
33123
33137
49344
49702
49837
32902
32996
33224
33392
33067
49258
49376
49378
49380
49860
33157
49248
49761
32984
32994
33331
33369
16500
16576
16580
16622
16692
16694
16702
16900
17062
17096
16425
16471
16507
16509
16547
16553
16557
16559
16603
16633
16635
16667
16751
16883
16887
604
16404
16608
17102
16927
16949
226
414
420
620
708
5
299
16650
16714
17060
16669
17079
202
307
16498
16656
16391
16559
16787
17038
16401
99
461
709
16708
31
385
16701
60
128
156
220
222
252
338
410
1
81
16490
16528
16532
16608
16612
16614
16618
16638
16654
16656
16734
16742
16844
16850
16852
16900
16902
16970
16974
17054
17096
16673
16677
16687
16909
16915
29
16540
16582
16437
16559
16885
44
134
418
158
171
621
623
625
629
16526
16966
16970
16933
16806
17038
16559
76
142
218
258
340
346
472
492
512
281
305
483
527
563
16400
16404
16440
16484
16600
16606
16712
16792
16794
16806
16834
16850
362
16405
16553
44
362
16973
17075
171
591
16488
16532
16540
16580
16616
16640
16662
16780
16802
16854
17054
17086
17094
17069
78
116
196
316
398
478
718
9
11
15
83
175
203
209
281
329
369
379
16575
26
58
60
92
100
136
138
222
234
252
260
346
392
424
454
460
470
494
710
285
301
305
483
16578
16674
16465
16479
16483
16601
16605
16757
16761
16771
16837
16867
36
60
102
104
148
196
232
422
430
462
169
245
287
323
529
613
16497
196
165
16939
355
16607
16847
16883
54
90
448
502
3
315
16458
16494
16622
16806
16816
17020
16385
16439
16675
16917
298
53
213
383
389
16404
16430
16436
16538
16612
16642
16804
16820
16848
16687
16913
44
336
568
16858
16773
250
708
712
16601
17047
25
16812
16891
294
345
383
385
16634
17041
324
16680
17043
183
16474
16959
158
23
133
171
181
255
261
341
377
16494
16502
16538
16902
16387
16473
16547
16745
16747
16759
17071
16740
16519
16567
16871
14
60
78
98
106
112
144
216
218
230
234
250
252
264
272
276
332
356
380
420
422
434
450
468
512
668
161
203
281
607
16400
16448
16474
16486
16522
16604
16616
16632
16640
16642
16720
16796
16816
16840
16860
16884
16387
16687
16689
16455
16885
11
51
593
16415
654
698
9
15
335
411
537
551
16694
16411
16601
566
185
16422
16436
16490
16494
16638
16758
16772
16970
17058
17060
16585
16867
156
236
318
352
358
636
666
668
672
676
700
706
710
49
283
291
367
403
447
483
525
551
16598
328
16889
262
668
609
16960
17034
410
581
16736
16808
16856
17052
17056
16391
16667
16911
16915
17065
17071
17079
389
429
16920
16569
27
385
16622
16431
16453
16467
16731
16775
16845
16875
16887
393
503
16476
16532
16614
16636
16640
16660
16718
16724
16736
16772
16780
16792
16812
16814
16846
16878
16589
16677
16693
178
314
422
424
470
327
16482
16606
16612
16634
16764
16940
16589
16911
16987
16991
562
16406
16414
16474
16608
16612
16614
16640
16726
16774
17054
17090
16465
16679
16683
16685
16695
17028
62
78
148
212
244
396
420
3
307
527
17021
17045
17077
17079
356
11
175
365
381
391
403
16986
648
698
445
549
146
490
568
668
167
169
543
545
16458
17000
16505
100
146
154
222
224
232
254
334
386
426
450
506
708
3
203
483
563
16480
16598
16604
16608
16610
16614
16634
16636
16724
16728
16740
16760
16772
16798
16802
16804
16818
16846
16862
16894
17056
17092
16385
16687
16913
17069
25
209
16935
110
16406
16410
16494
16606
16616
16890
16898
16671
16705
16911
16947
17031
17035
17037
17067
17071
17077
42
17089
72
232
5
525
16710
635
16419
100
362
693
695
16900
17080
16557
16605
16791
16795
240
16411
16415
352
512
710
718
7
301
483
685
17072
16937
328
456
488
17016
16397
16399
16409
73
99
509
16682
17094
16557
16769
16957
73
16746
35
16478
16552
16798
16828
51
16668
20
38
104
138
178
222
226
228
234
236
266
278
342
344
384
388
390
410
412
420
424
460
712
718
293
305
531
563
16401
17009
196
387
16420
16434
16488
16490
16502
16528
16608
16610
16638
16662
16716
16720
16760
16774
16810
16880
16976
16980
17098
16385
16669
16679
16911
17069
708
549
16969
602
16623
240
16767
16769
90
106
580
303
695
16414
16478
16582
16596
16604
16606
16614
16620
16654
16734
16800
16806
16842
16846
16860
16465
16505
16673
16919
16925
16987
630
445
703
78
358
476
55
65
85
205
321
499
605
651
689
16559
16865
17041
568
87
171
49706
49173
49199
49241
32806
32948
32861
49478
32972
33298
33005
49865
33470
32891
33379
49347
49369
33121
49259
49303
32871
32873
32881
49295
33076
33482
32809
32811
32855
32865
32895
33103
33129
33211
33219
33379
49499
49717
32927
49326
49328
49487
32780
32816
49528
49834
33316
33021
33023
33291
33341
49625
32772
49334
49846
49765
33164
32825
32905
32907
33035
33101
33231
49702
49371
49807
49849
32864
33342
32813
49494
32936
49745
32924
32946
32952
33078
33166
33402
33428
32977
33017
33171
33173
49161
49209
49249
49569
49571
49186
49464
49213
49253
49283
49291
49475
49485
49489
49563
49565
49673
49761
33208
49154
33468
49551
33430
33458
33460
49312
32794
32955
49358
49476
49640
33302
49154
32952
32843
49184
49188
49748
49814
49828
49868
49163
49243
49245
49403
49409
49489
49517
49553
49555
33121
33283
49654
49662
49283
49819
32883
49654
49686
32944
33462
49834
33460
49448
49283
49299
49301
49339
33026
33017
49324
32942
32993
49468
49283
49421
49521
33076
32909
33025
33103
33175
49654
49656
32877
32991
49425
33462
49454
49654
49197
33050
49166
49418
49580
49656
49696
49439
49449
33420
33422
32899
33353
49332
49209
32968
49314
49389
33479
49164
49170
49526
33408
49812
49625
32948
32899
33101
49304
49530
49698
49830
49325
33483
49792
32772
32820
49511
32804
32922
32823
33025
33313
49442
49828
49159
49247
49253
49293
49415
49499
49501
49597
33394
33471
33475
49201
49217
49221
49243
49365
49401
49483
49489
49517
49531
49647
49753
49761
49797
32944
33019
49680
33056
33422
33428
49178
49578
49670
49780
32784
32802
33086
33318
33400
33444
49542
49660
49688
33144
32849
33107
33459
49284
33195
49588
49243
49279
49401
49567
49581
49603
49607
49609
49761
33448
49309
32946
33335
33339
33343
49364
33456
49184
49188
49440
49195
49249
49647
49653
49755
33125
49630
49698
49706
49708
49830
49195
49233
49281
49595
49715
49717
49755
49759
49833
32972
49436
49259
49261
49263
49627
33287
49558
49676
32878
32920
33380
33386
32811
32897
32971
33091
49526
32822
33142
33415
49812
49816
49249
49255
49401
32843
32915
49512
32768
49745
33400
32815
33147
33157
33159
49307
33117
49336
49702
32917
49478
33125
49700
49373
49377
49719
32924
33064
32905
33187
49556
33054
33058
32879
33241
49154
32850
32832
33146
32861
49227
32922
33046
33076
33078
33360
33406
33428
33444
32775
32781
33011
33089
33093
33143
33375
49686
49817
33154
33312
33402
32893
33257
49309
33437
49522
49536
32856
32960
33032
33188
33226
32811
49200
33296
49471
32782
32800
32904
49454
49261
49567
49795
32999
49800
32940
33470
49392
32913
33023
33101
33135
33455
49472
49631
32772
