16496
16668
16479
16505
80
112
898
1110
379
16584
16618
16780
16864
16992
17210
16775
17291
130
408
554
560
1010
1014
1036
1042
145
379
16530
16666
17328
17354
17366
17370
17456
17458
16475
16481
16507
17281
110
750
784
1074
1076
145
16488
16492
16724
16864
17168
17182
17224
17440
17454
16441
17281
318
418
444
698
752
16436
16462
16530
16940
16952
17282
17408
16435
34
40
52
60
130
254
258
274
340
354
360
414
566
576
614
660
690
694
718
820
822
966
970
998
1006
1030
1074
1096
133
219
16514
16592
16900
16932
17022
17084
17152
17206
17432
17488
104
112
200
754
591
1027
1029
16436
16464
16496
16622
17066
17411
17413
17435
74
324
668
3
897
16668
16702
17284
17458
17460
16625
20
258
272
332
398
604
708
848
850
1094
119
379
16464
16536
17492
16509
17501
104
1074
1104
1027
1029
1051
16514
16518
16944
17282
17408
16517
104
406
426
93
16678
17300
16763
17289
80
112
318
430
125
447
1117
16780
17140
17142
16545
16775
74
524
912
914
16514
16522
16712
16758
17402
17470
17488
80
84
102
104
108
128
726
125
595
1117
16436
16458
17142
17411
17413
74
65
73
16668
16702
16972
17488
16525
80
284
300
125
219
1027
1029
1117
16514
16558
16566
16586
16654
16662
16722
16738
16788
16790
16812
16820
16826
16838
16864
16888
16898
16918
16926
16988
17012
17014
17016
17020
17022
17048
17074
17076
17084
17086
17092
17094
17102
17116
17118
17190
17198
17244
17304
17348
17368
17380
17430
17440
17442
17444
17450
17466
17470
17478
16517
16653
17293
17435
84
102
104
108
112
128
328
340
398
456
546
814
820
824
930
984
992
996
1070
1082
125
127
1117
16488
16882
16908
17296
17411
17413
40
112
248
296
312
504
518
622
678
716
796
898
1076
16422
16664
16838
16866
16998
17036
17080
17114
17118
17122
17138
17200
17206
17246
17378
17460
17488
78
382
760
1076
1104
16458
17284
16449
16595
16683
17281
74
912
1023
1101
16458
16540
16558
16658
16748
16792
17012
17040
17084
17102
17108
17116
17142
17172
17190
17314
17384
17404
17444
16513
17435
414
524
628
642
718
912
914
1038
1074
141
315
16618
17140
17346
17400
17418
17428
16603
16699
17485
84
102
108
898
1024
16458
17296
17298
16699
16967
16975
17485
354
432
604
610
656
758
770
824
898
900
922
1024
1038
1072
265
1027
1029
16514
17408
17432
17484
78
220
898
1076
311
16488
16860
16882
17284
17413
152
284
312
358
670
730
750
756
758
1076
145
16514
17142
17488
16517
78
674
756
758
868
1024
16462
16536
16535
16675
17501
84
108
860
379
593
1117
16464
17458
16477
398
287
581
583
16473
16479
16525
17281
76
316
642
716
968
57
16462
16464
16488
16704
17136
17474
18
234
398
299
897
905
907
16494
16608
16702
16782
17006
17390
74
284
914
315
591
16494
16608
17142
16525
228
912
914
905
1101
16488
16860
17198
17234
17488
17411
17413
392
398
583
905
16436
16658
16702
16780
16826
17078
17096
17142
17342
17354
17488
52
78
898
225
897
1117
16418
16668
17010
17096
17116
17134
17310
17408
16513
16525
16529
898
1024
125
603
16436
16696
16780
17408
17488
16775
78
588
758
782
1104
16460
16684
16778
17082
17496
16535
16625
234
284
398
592
640
678
1074
25
907
17296
17298
16525
16529
16763
130
284
300
1076
141
145
16458
16566
16586
16678
16798
16838
16898
17062
17102
17138
17168
17354
17416
18
34
74
174
182
200
228
254
332
360
400
416
430
480
566
570
654
708
710
726
784
852
994
1060
71
269
315
379
16564
16702
16782
17422
17486
16467
16529
84
108
292
510
524
900
912
914
303
497
16514
16471
110
514
824
826
1000
1060
57
16458
17182
17216
17446
16449
16457
112
200
318
418
444
678
712
956
962
968
982
992
51
421
447
1117
16462
16464
16482
16772
16902
16934
17012
17020
17052
17066
17138
17142
17172
17182
17190
17204
17216
17224
17234
17254
17306
17416
16595
16611
17435
398
1074
425
16494
16784
17020
17396
17460
16469
16529
336
508
900
1074
97
897
16462
16588
16596
16880
16888
17460
17488
234
284
332
396
718
907
16444
16462
16488
16684
17282
16443
16491
52
110
138
174
756
758
842
16458
16618
16782
17134
44
78
138
340
570
622
638
750
754
760
784
832
916
956
1060
1098
16702
16529
16805
234
318
946
998
425
451
16458
17134
17296
16699
17485
284
580
758
984
1024
1048
1074
1076
1090
1100
391
16464
16468
16486
16488
16492
16496
16512
16638
16668
16920
17014
17026
17112
17168
17198
17268
17340
17390
16495
16509
16699
17501
74
198
278
488
514
752
814
870
1082
1104
265
291
583
897
16436
16462
16720
17162
17262
17282
17366
17458
17460
16435
16529
284
312
396
716
125
49173
33753
49598
50174
49227
49459
49737
32940
33214
33230
33696
33706
32877
33115
33143
33187
33685
33687
33847
33849
49240
49246
49276
49227
49283
49387
49389
33669
33887
49746
50138
50065
50069
50177
33214
32843
32883
33681
33683
33685
33687
49240
49480
49598
49616
49269
49283
49597
50055
50071
33082
32821
49257
49299
49369
49741
32860
32904
32908
33192
33568
32845
32899
32907
33793
32904
33156
33214
33784
33187
33355
33793
33873
49160
49284
49578
49207
49231
49287
49571
50257
32804
32808
33022
33178
33206
33236
33374
33408
33414
33440
33562
33598
33652
33654
33754
33806
32843
33003
33875
49292
50178
49291
49295
49653
50053
32824
32862
33790
32843
32983
33849
49705
32781
50013
32774
32908
33334
33576
33632
33700
33854
32907
32911
32995
33153
33669
49233
49493
33281
49630
49690
49231
49387
50065
32908
33662
33754
32873
32907
33161
49779
33045
50056
49597
50177
50227
33373
33541
49296
49324
49426
49466
49618
49644
49672
49768
49778
49888
49934
49980
50006
50016
50044
50126
50142
50188
50177
32862
33708
33758
32843
33245
33871
49278
33739
49598
49746
50178
49367
49447
50177
33512
49158
49342
49598
49690
50118
50174
49227
49597
50051
33794
32907
33669
49643
33108
33240
33248
32843
32845
33003
33113
33683
49208
49274
49598
49367
50055
50071
33451
49274
49276
49524
50174
49227
49369
32854
32843
33161
33875
49246
49252
49598
49367
50071
33790
32843
33213
33353
33507
50178
50180
49227
49367
49387
49807
33651
49598
49614
49207
49227
49367
49737
32824
32892
33790
32823
32843
33213
49208
49224
49545
33121
49208
49246
49227
49369
50257
32781
49188
50174
49227
49269
49369
49549
33192
33218
33240
33632
33161
33213
33357
33793
49636
49229
49367
49545
49895
32840
32892
32912
32940
33208
33270
32899
32907
50211
32840
32908
33098
33422
33438
33628
33636
32907
33161
33511
33845
49208
49227
49369
49449
32856
32892
33260
33460
33488
33504
33706
32845
32849
32873
32881
33167
49268
49229
49233
49257
49261
49265
49551
33317
49757
33753
49652
50182
49369
49373
49469
32888
32908
32873
32899
32907
33085
33161
49598
49746
49437
49597
32912
33240
33362
32843
33085
49246
49274
49227
49387
50257
32770
33790
32843
32899
33685
49240
49750
49229
49265
49551
32856
33008
33214
33330
33340
33418
33492
33696
32843
33075
33155
33213
32890
33362
32983
33085
33165
33213
50137
33512
49450
49598
50177
32850
32868
32874
32964
33098
33188
33214
33236
33696
33742
33035
33685
33887
49274
49302
49598
49287
49305
50069
50071
50177
32850
32868
32874
32888
33214
32923
33687
33887
49238
49288
49540
49598
49207
49227
49367
49549
32836
32958
33126
33214
33240
33284
33326
33362
33410
33634
32843
33217
33793
49387
49545
49741
32892
33214
33542
32843
32853
33187
33213
33685
49238
49576
49229
49367
49369
33005
33523
49598
49602
49620
49690
50154
49227
49499
50055
50177
33229
49576
49598
49822
49227
49283
49597
49601
50055
32892
33672
32843
32985
33519
49278
33701
49192
49246
49227
49369
50065
50069
50071
50233
32862
32892
33118
32843
32849
32873
32881
32899
16426
16470
16524
16528
16702
17076
17160
17420
16523
16527
16777
16965
16967
16973
17133
40
136
176
192
238
360
372
550
578
614
664
674
696
708
850
960
992
1116
99
105
265
267
349
387
393
897
16516
16524
16532
16536
16702
16942
17216
17312
17324
16523
16527
16531
16535
16777
17133
17291
156
238
820
888
916
63
135
147
16742
16808
16844
16940
17044
17164
17172
16807
16829
16833
17123
17125
17433
594
754
758
790
832
990
1056
1116
105
135
297
739
16422
17076
17430
16465
16519
16697
16859
42
148
202
438
442
452
462
466
472
504
536
540
542
570
632
648
664
702
720
790
804
814
838
842
852
880
894
926
986
1002
1008
1018
1036
1038
3
27
105
151
189
233
16504
16532
16536
16702
16778
16916
16531
16535
16619
16695
16967
140
148
152
514
600
632
884
936
139
147
151
231
393
16460
16772
16830
16856
16986
17184
17268
17362
16451
16501
16617
16675
16973
88
94
148
152
990
135
147
151
399
907
16392
16528
16740
16804
16836
16882
17328
17482
16781
16861
16973
313
475
17174
17222
16451
16501
16595
16621
17125
17293
388
754
758
117
397
423
471
16532
16536
16622
16882
17104
17138
17374
16531
16535
16617
88
94
120
148
152
208
520
1036
67
135
139
143
147
151
217
219
231
591
741
16532
16536
16980
16531
16617
16681
292
308
364
472
498
628
648
722
750
906
940
944
1098
107
211
265
291
523
16562
16902
16948
17064
17102
17246
17426
17434
16619
17437
202
330
494
750
784
810
67
117
237
307
589
591
1025
16792
16808
17032
17138
17370
16807
16913
144
200
206
240
308
664
754
862
899
1113
16520
16524
16532
16536
16558
16672
16698
16836
16942
17108
17168
17242
17382
17416
17418
16519
16523
16531
16535
16611
420
602
702
928
942
163
187
233
497
16532
16536
16540
16868
16932
17104
17224
17266
17400
17454
16489
16519
16531
17437
144
200
254
356
850
1014
101
107
117
269
297
583
16866
17222
17434
16469
16493
16519
16681
238
720
1116
1053
1055
16406
16532
16536
16698
16836
16898
16946
17032
17072
17080
17174
17246
17300
17302
17352
17440
16531
16535
16649
16975
17133
17285
17291
32
38
144
148
152
360
486
514
532
600
632
644
780
790
846
968
139
147
151
235
265
587
589
749
16474
16532
16536
16540
16698
16878
17024
17034
17374
16387
16443
16531
16535
16973
17133
148
152
314
360
494
536
916
918
1012
147
151
581
583
901
16621
16691
16973
17125
17433
17485
140
178
246
328
340
680
818
884
139
143
393
445
581
583
741
16392
16640
16740
16750
16772
16846
16850
16920
16980
16982
16998
17084
17088
17208
17268
17332
17402
17448
16411
16469
16619
16653
16681
442
620
902
1032
105
297
16402
16516
16520
16622
16624
16644
16856
16930
16988
17018
17202
17224
17226
17246
17386
16485
16491
16617
16627
17133
18
132
140
152
240
256
486
618
139
143
147
151
371
581
897
16744
16746
17032
17142
17144
17182
17234
17248
17450
16669
16833
60
446
976
1038
1040
113
233
311
16532
16536
16676
16726
16830
16900
16920
16962
17174
17228
17350
16531
16535
16675
16803
17125
17129
17285
17409
132
404
534
728
804
872
922
1050
101
297
345
16390
16404
16532
16558
16574
16636
16664
16672
16718
16722
16726
16734
16788
16796
16844
16874
16876
16888
16902
16916
16934
16948
16954
16978
16996
16998
17020
17032
17062
17068
17072
17080
17084
17090
17102
17106
17112
17172
17174
17184
17186
17194
17210
17212
17240
17278
17326
17328
17336
17352
17358
17368
17392
17396
17398
17420
17424
17440
17466
17482
16531
16535
16569
16571
16669
17283
494
594
654
720
55
81
85
105
113
135
899
17234
16513
16621
16681
16689
314
462
472
498
109
471
497
589
739
16802
16828
16461
16497
148
804
914
1014
1020
147
297
423
899
1077
16528
16876
17188
17250
17296
17390
16501
16675
16975
17125
17283
18
34
42
46
72
120
136
140
144
148
152
202
240
256
430
536
618
636
644
680
684
726
856
922
950
974
978
1006
1044
1066
25
135
143
147
151
243
265
269
307
589
1113
16456
16532
16536
16838
17042
17242
17250
17298
17380
16519
16535
17285
17461
118
132
140
148
152
360
564
620
692
790
804
866
1006
135
139
143
151
233
901
16480
16502
16630
16638
16870
17032
17062
17104
17138
17142
17168
17170
17174
17334
17374
17394
16531
16617
16653
424
472
758
117
237
297
16516
16540
16856
17104
17228
17374
16465
16519
16609
17281
94
286
558
81
529
583
16424
16428
16744
16856
17240
17394
17446
16489
16681
16781
16861
372
750
237
1049
1079
16532
16552
16714
16722
16750
16886
16904
16980
16982
17004
17050
17112
17194
17222
17250
17326
17346
17358
17360
17418
16485
16531
16535
16617
16651
17461
148
152
156
314
548
790
1032
151
269
901
907
17254
16489
16697
16859
90
292
424
524
990
101
1101
16394
16402
16470
16536
16702
16888
16900
16922
16980
16982
17076
17104
17202
17234
17248
17274
17348
17366
17368
17474
16531
16535
16617
305
449
585
741
16504
16772
16830
16870
16902
17016
17104
17174
17456
16411
16465
16497
16603
16621
16681
16807
16833
17127
60
424
594
620
750
101
423
449
475
16808
16830
16856
17138
16595
16621
34
286
292
372
462
570
754
758
776
794
870
940
1056
1062
101
1025
16524
16562
16916
16920
16924
17004
17016
17252
17298
17416
16491
16519
16523
16527
16617
16975
17133
148
152
362
916
918
147
151
235
901
16456
16532
16531
16535
16611
16675
16971
16975
17125
17127
17285
17291
44
136
486
498
612
640
792
794
818
313
501
16480
16516
16528
16532
16808
16882
17376
16881
17125
17461
596
598
880
916
1038
135
233
393
16422
16472
16504
16524
16532
16536
16636
16698
16800
16812
17018
17104
17178
17236
17242
17264
17450
17456
17482
16451
16523
16531
16535
16973
18
22
38
46
60
144
190
202
206
240
246
282
308
318
366
428
430
452
462
466
514
536
558
564
620
632
634
636
680
690
692
720
728
788
790
798
800
844
846
856
944
964
1000
1030
1034
1044
71
127
265
591
16882
17422
17486
94
148
152
286
916
918
147
583
591
901
17300
17302
17486
16489
16617
4
356
574
576
628
804
237
311
523
16476
16480
16876
16996
17136
17138
17262
17324
16681
16755
16781
16967
17127
132
140
148
152
158
238
292
486
516
692
774
846
976
1060
135
151
1077
16718
16879
372
1044
235
399
591
16528
16962
17296
17298
16501
16527
16755
16881
17125
72
94
140
144
148
152
964
1032
27
143
147
151
231
1077
16402
16506
16516
16524
16528
16532
16536
16676
16812
16888
16984
17024
17188
17386
17414
16519
16523
16527
16535
16611
16675
16755
16975
17409
34
472
313
399
16532
16536
16698
17300
17302
16489
16531
16535
17285
72
148
352
430
536
554
562
576
730
894
986
147
297
741
901
16453
16483
16695
12
44
178
196
350
408
424
446
564
574
602
614
648
678
684
776
786
864
928
974
1026
1028
1030
1044
1092
27
67
101
265
423
16430
16494
16532
16536
16562
16630
16852
17016
17260
17300
17302
17396
17404
17450
16483
16489
16531
16535
42
132
148
152
362
596
598
856
1
101
135
147
151
235
16528
17100
17296
17306
17374
16501
16527
17123
144
292
548
724
1012
109
117
143
471
589
1025
16532
16536
17100
17300
17302
16489
16531
16535
17281
17285
6
46
90
120
144
152
354
356
358
360
578
636
664
730
776
856
974
1030
1032
27
139
143
147
151
227
741
901
49905
32914
33506
49294
49334
49550
49610
49297
49537
33350
33668
33762
33864
32983
33885
49626
49677
49755
32850
32868
49258
32842
33219
49277
33350
33668
33007
49290
49294
49334
49346
49428
49432
49630
49632
49656
49934
49982
50204
50228
49293
49297
49651
33561
49260
49550
49267
32842
33160
33164
32847
33791
49815
32969
49734
49267
33887
50139
33739
49226
49386
50204
50206
49455
49467
32842
49199
32782
32996
33216
33410
33820
33822
33872
49693
32876
49318
49592
49630
49734
49762
49798
49878
50050
50052
50200
49597
50065
50067
33177
49157
49267
49749
32848
33668
33371
50113
33363
33367
49563
33080
33264
33564
33864
32909
33113
33267
49410
49734
50048
50100
50065
50067
33621
49298
49890
32874
49230
49290
49464
50028
50052
49543
33164
33296
32913
50237
32838
32848
32866
32998
32841
33885
49890
49225
32770
33224
33318
33386
33394
33452
33486
33558
33600
33606
33666
33714
33776
33685
49186
49268
49380
50062
33080
33264
33350
33683
49648
49651
49677
50069
50203
32866
33320
33350
33406
32869
33371
33885
49734
49982
50238
49753
49755
50269
33350
33666
33685
33819
49402
49436
49628
49630
50204
50206
50181
50203
33678
33093
33267
33687
33819
50271
33644
33371
33885
49311
50271
32848
32880
33683
49258
49311
50227
32906
33264
33153
49736
49453
50065
50067
50069
50071
33887
50191
50204
49393
49625
32952
49664
49704
49824
50052
49267
49393
33204
33668
32883
49448
49648
50228
50067
50069
32846
33668
33820
33822
33883
49236
33463
49436
50050
50269
33002
33848
32847
33007
33071
33083
49277
32876
33849
49626
49652
50204
50206
50228
49651
33043
49963
32872
32880
33668
33885
49276
49464
49640
49704
49734
49846
50052
50065
50067
32876
33666
49234
49260
32893
50060
49301
50203
32848
32880
33071
33683
50133
32848
33791
49548
50052
50204
50067
33822
32815
33791
49267
49309
49749
32898
32910
33668
49367
49393
49467
50069
50269
32852
32874
49809
33765
49234
49280
32992
33160
33164
33822
49301
50269
32880
33676
32893
49453
49471
32866
33145
33885
16466
16474
16480
16484
16804
17238
16499
16829
17123
17133
17503
88
122
194
376
582
917
1079
1081
16842
16906
17096
17160
17288
16783
17433
82
100
304
127
235
16560
16630
16678
16870
16880
16884
17096
17106
17166
17258
17320
17428
17448
16573
16601
16887
160
406
496
510
618
656
678
688
716
766
866
946
1064
109
345
917
1081
1111
16480
16630
16750
17072
17102
17214
17254
17288
16461
16513
16677
16883
17297
17299
22
584
1022
77
399
913
917
16384
16396
16440
16584
16632
16752
16792
16870
16902
16978
17064
17104
17258
17324
17444
16519
16729
17297
17299
17493
56
94
398
446
1052
79
291
16466
16484
16574
16734
16738
17146
17252
17301
56
172
200
204
308
326
402
612
662
680
986
1022
25
73
131
16440
16722
16804
16954
16964
16966
17406
17432
17123
17501
594
1022
213
1079
1081
16474
16800
17292
17294
17420
16985
17301
48
170
428
446
730
788
1068
127
239
597
599
917
919
16516
16588
16812
16848
17096
17216
17254
17258
17306
17320
17326
17382
17406
17428
17452
16597
16703
16803
18
38
78
190
200
246
262
280
282
340
354
362
366
404
412
416
426
428
480
492
496
512
532
546
550
584
612
620
622
624
630
656
666
692
700
704
730
792
820
828
842
850
854
858
868
884
890
948
954
976
984
998
1000
1002
1052
1064
1084
75
77
235
267
347
399
499
915
16472
16550
16558
16580
16672
16784
16862
16866
16876
16920
16924
16960
16988
17032
17048
17064
17108
17114
17146
17156
17202
17238
17240
17256
17264
17332
17350
17352
17378
17418
17448
16597
16601
16981
16983
56
124
132
172
194
196
410
508
510
582
606
788
840
924
946
1066
215
419
1079
16634
16716
16627
16703
16985
16987
150
298
302
378
630
235
237
16474
16508
16534
16738
16906
16974
17212
17218
16459
16533
16909
94
582
656
788
319
917
16396
16398
16418
16550
16556
16564
16586
16590
16636
16654
16716
16722
16740
16750
16786
16788
16790
16792
16820
16840
16842
16844
16848
16884
16916
16926
16960
16990
16994
16996
17002
17020
17032
17044
17070
17072
17112
17120
17158
17168
17178
17194
17212
17268
17304
17316
17318
17324
17332
17334
17354
17368
17430
17444
17452
17478
16411
16493
16573
16653
16703
16729
16887
56
242
424
917
16848
16870
16912
17100
16861
16985
16987
118
314
580
1105
16414
16470
16584
16792
16796
16892
16918
16946
17020
17058
17116
17156
17234
17444
16981
16983
17409
17433
30
170
174
178
196
200
202
274
438
442
482
508
548
566
608
614
632
686
694
708
718
720
728
732
784
830
850
870
888
946
976
992
1002
1034
1044
145
267
759
16876
17294
17474
16983
17459
82
106
518
634
736
471
1025
17294
16625
17301
17459
94
98
166
366
480
601
1115
1117
16964
17406
16493
16703
48
166
172
350
360
410
412
416
492
612
636
686
718
720
970
982
1038
1064
1082
1084
77
213
387
903
917
16603
16983
17287
17303
17409
204
316
420
239
597
16424
16788
16806
16826
16838
16876
16916
16950
16988
17054
17078
17114
17200
17228
17390
16493
17299
17301
262
550
572
730
734
828
856
904
974
1032
1052
1090
755
913
16472
16812
16603
16675
16755
16981
16983
17301
16
180
190
246
250
366
402
416
426
430
442
452
486
610
644
666
686
688
692
720
828
858
886
934
994
998
1062
1090
599
1051
1075
16474
16504
16506
16604
16616
16862
17072
17102
17156
17310
16459
82
100
120
190
630
666
688
976
1101
1119
16872
16894
16964
16966
17236
17250
17406
17432
17466
16597
16803
56
76
884
73
1117
16440
16564
16830
17028
17096
17118
17278
17374
17436
17468
16411
16459
16573
16601
16707
16829
56
592
816
215
235
291
907
1051
16830
16862
16990
17206
17254
17274
17436
16603
16985
17409
56
582
213
215
419
16480
16506
16554
16666
16876
17188
17252
16495
16623
16675
16755
17409
16
150
518
606
712
856
896
992
1094
16418
16630
16786
16922
16960
17058
17120
17192
17324
17404
17428
17470
16569
16603
16879
17299
94
304
362
75
503
599
16534
16912
17008
17028
17040
17066
17072
17320
16495
16533
16537
16619
17297
17501
44
90
94
122
860
291
913
915
1105
1107
16612
16688
16597
16619
16855
38
56
90
150
510
610
778
75
1117
16466
16484
16490
17112
17182
17368
16597
392
480
594
1022
603
16396
16432
16506
16574
16578
16670
16672
16692
16716
16750
16796
16848
16890
16932
16960
16966
17006
17010
17014
17044
17056
17084
17104
17106
17160
17172
17212
17238
17242
17250
17256
17268
17316
17326
17352
17390
17400
17418
17480
16409
16519
16649
16703
16731
0
1022
217
291
371
419
16440
16950
17050
17052
17062
17090
17148
17168
17178
17264
17274
17276
17312
16691
16775
16983
17301
16
30
56
166
174
202
254
360
362
368
390
406
412
454
532
536
544
552
568
572
626
634
650
660
688
700
804
812
830
854
870
872
880
886
924
956
962
1022
1040
1068
1072
1098
267
269
745
16452
16544
16978
17000
17078
17164
17123
17301
17487
17495
82
100
314
872
399
1119
16466
16484
16490
17485
17503
56
712
1054
79
115
1025
16512
16858
16463
16619
48
246
274
356
366
576
626
720
722
856
866
932
976
1032
1062
77
419
499
913
1075
16440
16556
16584
16592
16666
16744
16804
16830
16838
16918
17042
17048
17062
17278
17312
17414
16459
16499
16829
17131
17287
17409
396
408
884
948
755
1049
16442
16698
16810
16972
17032
17212
56
90
122
246
360
478
486
546
712
828
934
950
27
75
109
127
597
599
917
919
16430
16560
16562
16574
16790
16848
16862
16928
16936
16946
17154
17212
17294
17386
17468
17474
17496
16625
17287
17459
124
135
153
1107
16386
16985
16987
17287
46
96
160
256
496
644
666
768
788
816
904
986
1036
1084
127
601
913
1111
16690
2
500
109
1079
1081
16450
16682
16974
16994
17416
16649
298
302
378
382
904
936
948
950
1036
1096
77
499
16474
16646
16750
16830
16838
16920
17070
17196
17210
17318
17352
16459
16729
16985
16987
17287
150
282
111
153
913
1049
1117
16776
16858
16493
12
46
94
96
248
392
566
582
770
798
944
1092
187
16644
16678
16688
16724
16930
17126
17452
16409
16681
56
442
446
1032
131
601
917
16440
16966
17489
17491
17501
522
904
129
757
16448
16688
16698
16784
17463
17465
2
94
180
1022
1052
903
16432
16452
17342
16459
16675
16783
17495
56
228
903
1025
16870
17308
17496
16625
16675
17287
17459
56
286
79
111
391
16484
16490
16698
16952
17268
17288
17436
17503
88
90
834
910
1016
1112
241
291
371
1075
16440
16746
16960
16966
16976
17156
17228
17320
17332
17406
17480
16599
16803
16855
17501
82
100
106
396
231
1119
49226
49470
49906
32848
32872
32880
32898
33284
33844
32893
49290
49294
49470
50176
32882
32920
33086
49470
49910
50068
32908
32916
33684
33686
33669
49226
49467
32872
33080
32901
49244
49266
49646
49750
50268
32872
33262
32901
49282
49906
49908
50226
49235
32820
32842
33068
33147
33191
49300
49304
49470
50064
50066
49299
49303
49469
33055
33791
49199
33497
49262
49748
49649
32820
32842
33524
33526
33746
49277
49573
33186
33874
33886
49452
50050
49289
32820
32842
33522
33872
33874
50266
49153
49299
33553
49266
49470
50066
49235
33368
33848
49226
49912
50258
32878
32907
33669
49266
50054
49289
32842
32934
33276
33422
33686
49186
49452
49470
50006
50044
50176
49293
49451
32872
32898
32906
33140
33872
49226
49806
49910
50176
32980
33083
33679
49204
49300
49304
49306
49470
49235
49299
49303
32878
32920
33686
32915
33669
49430
49560
49650
49760
50064
50066
50226
49649
32887
49204
49390
49816
49848
49906
49910
50030
50044
50054
50226
50256
32820
33006
33068
33792
32909
49292
49390
49546
49752
32878
32936
33130
33140
33170
33172
33814
32867
32919
33669
49470
49546
50068
33395
49266
49650
49966
49735
33545
49504
49532
50226
49377
49451
49467
33086
33280
33328
33458
33680
33682
32819
32997
33155
49204
49266
49470
49627
33787
49226
50256
32842
33526
33792
33079
49646
49289
50063
33121
50031
32861
49204
49266
49748
50270
49627
32822
32878
33874
33297
49262
50050
49209
32878
32920
32907
32919
33669
50141
33705
49748
49469
50057
32882
33266
33884
32849
33349
50019
32848
32872
32876
33262
32893
33361
33363
49284
49300
49510
49598
49840
49846
49876
50068
50070
50080
49299
49303
49419
50053
32842
33083
49262
49650
50268
49451
33842
33872
32901
49464
49654
50226
49277
32840
32916
32920
33234
33298
33628
33722
33746
33886
32819
32907
32911
32919
33351
33359
49266
49275
32882
33086
33370
49232
49256
49646
50226
49249
33051
49256
49264
49245
32820
32842
33067
33665
49260
49596
32878
33086
33288
33364
33366
33886
33001
49292
49296
49486
49299
49741
50053
33361
49204
49226
49912
50176
32842
32980
49748
49752
50049
50229
32788
32820
32980
33570
33670
33874
32769
32823
49256
49282
49728
50050
49277
49747
33049
49750
49735
50051
33870
33821
49174
49282
49290
49908
49974
49992
50226
50256
50258
50270
32908
32916
32962
33060
33368
33734
33750
33838
32851
32907
32911
32915
32919
33511
33665
49197
32820
32872
32898
32906
33522
33842
32901
49224
49470
49852
50068
50270
49235
49303
32808
33002
33086
33110
33470
33608
32995
33075
33357
49260
49745
49747
32878
33364
33884
33297
49282
49524
49612
49668
50226
50258
49293
33036
16484
16441
16531
16683
24
28
66
134
290
306
346
444
586
744
902
1050
7
31
33
37
43
45
95
115
119
121
137
181
197
205
207
209
271
273
329
339
351
353
405
415
441
455
459
485
491
495
511
513
519
521
549
557
575
625
633
647
649
665
673
679
683
719
725
763
779
781
805
825
841
853
857
865
881
887
893
933
941
949
959
1015
1017
1041
1059
1065
1087
16518
16600
16650
16652
16828
16970
16415
16417
16423
16427
16471
16475
16477
16481
16507
16553
16557
16561
16637
16639
16689
16719
16723
16785
16787
16797
16871
16899
16905
16927
16933
16949
16979
17007
17009
17059
17087
17097
17103
17109
17163
17175
17177
17207
17241
17243
17251
17255
17267
17319
17361
17381
17391
17411
17413
17419
96
148
152
353
17180
916
918
155
169
181
285
409
793
1003
1015
1085
1119
16472
16535
17409
66
242
374
386
444
744
902
13
31
39
41
45
49
91
93
95
173
193
201
205
261
285
353
367
401
429
505
531
701
703
713
737
751
763
775
793
815
841
847
853
863
943
955
961
1007
1009
1011
1015
1039
1043
1045
1063
1065
1067
1083
1085
1097
16700
16728
17128
17286
16423
16429
16565
16735
16753
16801
16895
16911
16915
16947
16951
16989
17009
17027
17061
17121
17169
17185
17189
17229
17237
17309
17321
17335
17477
152
379
1025
16754
17128
16399
16417
16453
16557
16559
16565
16609
16647
16713
16723
16785
16821
16867
16875
16889
16933
17007
17081
17175
17177
17179
17215
17243
17305
17393
17399
17415
17483
39
115
169
231
555
859
1087
16478
16508
16524
16536
16531
16535
1104
147
393
16524
16882
17300
17302
16625
16881
110
184
746
31
33
75
155
177
181
209
251
401
407
417
437
509
563
623
691
821
837
857
921
937
945
947
957
1009
1023
1063
1067
16478
16504
16524
16528
17410
17412
16527
16765
17407
372
115
295
16434
16536
16535
16589
16723
17009
17027
17125
17397
106
67
749
1101
16780
16611
110
128
31
53
155
339
763
1003
16466
16480
16532
16536
16531
16535
17269
126
31
33
39
115
859
16474
16480
16506
16532
16531
16535
420
67
1103
16782
17286
16407
16417
16429
16471
16521
16561
16583
16661
16723
16793
16797
16819
16873
16879
16905
16933
16989
17027
17075
17237
17243
17293
17295
17329
17399
17427
17443
2
234
266
33
115
181
933
16960
24
50
266
302
374
386
418
742
902
31
39
43
95
119
171
205
251
255
257
275
277
281
287
405
433
435
485
493
517
539
543
545
547
565
571
577
609
613
617
623
625
633
655
661
675
685
699
701
707
731
777
781
787
801
821
845
853
863
885
893
933
937
939
949
951
957
977
979
987
989
1011
1015
1017
1057
1059
1067
1071
1073
1083
1087
1093
16499
16647
16777
16963
16989
17005
17329
24
110
124
210
266
7
33
53
361
411
513
575
623
625
679
691
787
813
851
857
865
883
977
1007
1119
16514
16518
16596
16802
16970
16972
17286
17408
16407
16415
16423
16517
16525
16553
16639
16643
16647
16657
16661
16785
16789
16797
16821
16891
16895
16901
16931
16935
16947
16957
16993
17025
17029
17033
17043
17055
17057
17065
17103
17183
17203
17239
17241
17263
17265
17279
17305
17333
17339
17349
17361
17373
17377
17381
17387
17391
17393
17399
17417
17423
17443
17451
17453
17469
17481
17483
140
144
916
115
1023
16466
16395
16405
16407
16417
16421
16433
16471
16513
16521
16553
16565
16589
16647
16697
16737
16753
16785
16809
16835
16839
16843
16875
16905
16919
16935
16937
16953
17007
17009
17025
17027
17029
17057
17081
17083
17087
17091
17093
17103
17107
17147
17169
17189
17197
17235
17249
17255
17277
17317
17325
17327
17329
17331
17361
17401
17405
17419
17427
17441
17449
17455
17483
17503
266
374
418
746
902
49
91
119
161
285
287
359
437
543
549
647
753
787
937
16882
16617
16683
17423
268
302
374
386
33
39
89
155
173
201
285
353
355
363
405
513
531
535
539
547
565
581
625
629
661
681
715
751
799
807
825
837
857
871
937
941
971
993
995
1015
1031
1065
16412
16484
16594
16600
16650
16690
16754
17128
17434
16407
16417
16423
16471
16499
16503
16505
16553
16561
16565
16577
16635
16661
16737
16743
16747
16753
16801
16813
16841
16891
16897
16901
16915
16933
17031
17059
17087
17099
17111
17115
17159
17197
17201
17241
17243
17273
17305
17325
17361
17381
17423
17427
17483
498
1080
139
241
497
16618
16650
16730
17128
17130
16425
16433
16553
16555
16577
16579
16725
16753
16799
16809
16923
16933
16945
16951
16993
17007
17013
17033
17039
17045
17059
17099
17115
17221
17233
17241
17251
17263
17269
17295
17411
17413
17441
17451
17455
17469
17475
916
918
241
1077
16510
17154
17503
26
50
444
1024
9
21
33
87
91
119
157
169
177
193
205
249
263
271
285
335
339
403
421
425
441
451
469
495
515
519
531
547
549
561
619
695
701
715
723
775
841
877
935
961
971
1045
1069
1087
1097
16600
16760
16782
16970
17286
16417
16477
16593
16637
16661
16711
16723
16815
16869
16979
17037
17121
17147
17189
17233
17339
17353
17377
306
398
586
1024
7
23
33
137
181
259
277
305
337
339
351
359
369
469
511
543
555
559
565
575
595
609
619
625
647
667
673
697
709
731
795
799
813
839
853
863
879
893
937
945
949
969
989
995
1017
1045
1047
1059
1063
1083
1093
1097
16408
16450
16518
16690
16970
17130
17286
16475
16517
16521
16525
16539
16845
16879
16943
17077
17177
17201
17277
17331
17339
88
94
120
498
497
17202
110
738
75
157
403
531
615
945
1083
16648
16652
16674
16407
16417
16423
16503
16643
16647
16657
16697
16741
16743
16797
16801
16903
16929
16933
16941
16959
17025
17029
17031
17043
17059
17089
17117
17121
17177
17229
17241
17243
17255
17289
17327
17377
17387
17407
17455
398
33
285
549
907
16438
16618
16758
17286
16391
16407
16427
16503
16633
16737
16743
16765
16787
16789
16799
16839
16915
16925
16927
16949
16951
16953
17015
17147
17175
17177
17239
17245
17267
17269
17273
17331
17389
17429
17469
110
738
9
33
77
157
199
259
279
281
359
369
433
461
567
823
829
941
949
1003
1097
16410
16434
16594
16610
16650
16652
16391
16397
16415
16429
16461
16471
16505
16561
16591
16637
16713
16723
16735
16737
16787
16789
16811
16839
16893
16919
16943
16981
16989
17009
17011
17051
17063
17093
17103
17155
17187
17191
17195
17197
17203
17213
17227
17231
17235
17241
17249
17255
17263
17269
17309
17315
17353
17355
17361
17373
17383
17391
17393
17431
17469
17483
72
240
231
493
831
871
949
1097
16478
17030
16531
148
266
33
177
179
263
339
351
403
405
417
457
477
531
535
539
563
571
575
577
605
609
617
647
655
675
693
701
709
763
799
815
857
871
879
893
935
941
951
955
1009
1011
1013
1043
16594
16610
16650
16828
17126
17286
16417
16471
16557
16567
16591
16659
16669
16697
16723
16843
16869
16879
16933
16955
16989
16999
17013
17097
17099
17111
17135
17153
17173
17177
17241
17255
17263
17269
17309
17327
17335
17339
17357
17373
17441
17449
17453
26
130
188
7
87
93
111
115
119
181
259
263
339
355
455
457
485
505
517
535
539
549
553
561
605
635
665
713
789
837
839
849
857
869
933
935
1007
1019
1043
1045
1099
16804
16830
16882
16531
16609
16881
110
210
738
9
41
75
155
285
823
16514
16540
16650
16393
16417
16423
16429
16469
16487
16493
16501
16503
16513
16517
16557
16577
16589
16647
16667
16719
16723
16753
16823
16839
16869
16877
16893
16915
16929
16933
16959
16995
16997
17007
17017
17027
17031
17061
17103
17105
17111
17147
17165
17175
17181
17199
17201
17207
17209
17223
17225
17235
17247
17265
17267
17269
17273
17327
17329
17341
17351
17353
17355
17371
17375
17377
17395
17399
17471
264
394
87
109
129
355
537
595
763
945
16466
16484
16532
16882
16531
16683
16763
16881
134
212
376
7
91
97
285
405
481
517
595
633
647
909
911
965
16418
16510
266
388
586
15
17
31
259
353
401
439
537
543
697
943
1009
1083
16514
16728
16802
16828
17286
17490
16427
16517
16737
16799
17027
17045
17247
17399
17451
82
368
16477
16661
16683
16737
16799
16815
16921
16923
16927
16945
17015
17155
17183
17191
17195
17231
17237
17293
17295
17315
17317
17319
17329
17371
17395
17401
17429
17453
24
28
306
77
93
193
255
353
361
417
421
453
487
531
551
567
605
723
791
793
867
869
905
949
953
1041
1059
1083
1093
1097
17126
17128
16503
16521
16637
16669
16815
16981
17237
17269
17413
212
374
444
902
49
93
137
421
643
853
1083
16594
16626
16650
17286
16433
16521
16553
16557
16669
17171
17273
17295
17399
17471
24
50
210
266
348
744
916
918
39
69
169
193
285
305
353
541
557
621
629
659
671
723
851
859
861
891
937
1015
1023
1039
1045
1099
16466
16644
17503
990
115
497
16484
16443
17435
17503
344
374
9
69
77
87
169
355
421
433
495
555
697
699
829
865
891
16596
16782
17280
16655
16737
16785
16935
17241
17251
17295
17447
860
16408
16412
16484
16650
16652
16690
16732
17128
17130
16405
16415
16417
16421
16425
16427
16429
16471
16473
16477
16479
16505
16539
16541
16553
16565
16577
16585
16589
16637
16647
16659
16711
16713
16721
16737
16747
16751
16793
16845
16869
16879
16895
16897
16903
16927
16943
16957
16961
16991
17009
17015
17027
17031
17049
17059
17077
17081
17083
17097
17103
17107
17109
17115
17141
17165
17177
17189
17211
17215
17221
17223
17241
17251
17273
17305
17331
17339
17379
17391
17399
17403
17417
17419
17423
17427
17429
17431
1080
385
591
743
17286
16415
16429
16493
16513
16577
16579
16927
16979
17401
372
155
405
421
621
16410
16412
16628
16730
16419
16499
16633
16737
16745
16785
16793
16873
16959
17199
17237
17265
17279
17307
17333
17341
17355
17447
17469
17473
17485
90
96
122
155
16514
16690
16770
16782
16970
17408
16395
16417
16473
16475
16479
16481
16503
16505
16507
16565
16577
16645
16647
16725
16737
16743
16799
16845
16865
16979
16989
17027
17033
17073
17081
17111
17177
17185
17231
17241
17267
17279
17353
17361
17391
17395
17399
17413
17473
17477
266
502
39
379
437
647
697
729
809
1007
1093
1099
16484
16499
16723
16777
1050
63
115
207
263
407
623
16760
16417
16479
16503
16541
16577
16795
16879
16927
16957
17099
17151
17183
17215
186
234
902
11
33
43
49
115
253
277
405
441
459
543
625
685
775
787
1097
16618
16758
17286
16395
16423
16643
16665
16793
16797
16895
16897
16931
16933
16947
17135
17173
17307
17335
17471
17483
126
982
605
16408
16410
16391
16393
16395
16405
16407
16423
16427
16429
16433
16471
16475
16503
16521
16553
16557
16563
16635
16637
16657
16661
16721
16723
16751
16789
16801
16815
16821
16827
16839
16841
16845
16869
16871
16873
16877
16903
16927
16933
16949
16961
16993
16997
17007
17011
17013
17029
17031
17039
17051
17069
17079
17081
17099
17109
17115
17121
17135
17137
17149
17175
17191
17195
17197
17201
17213
17243
17263
17275
17277
17289
17325
17327
17339
17349
17361
17371
17377
17383
17385
17391
17399
17419
17423
17441
17467
17469
17483
2
374
115
1083
16451
16499
308
49253
49471
32844
32893
33141
33821
33823
49152
49228
49370
49391
33671
49226
49225
49967
49991
50055
33046
32882
33160
33238
32847
32881
33665
49226
49266
49231
49283
49311
32882
33674
32873
32913
32931
33823
49700
49992
32772
32844
32918
33216
33674
32917
33007
33503
33821
49436
33052
33143
33157
33671
49436
49527
50055
32838
32844
33870
32829
33007
33293
33425
33823
49430
32832
32882
32986
32992
32927
33241
49226
49266
49744
33316
33690
49226
49361
49525
50055
32832
32852
32876
32882
32992
32927
49190
49612
32838
32927
33061
50066
49311
49395
50051
32866
33152
33141
33297
33667
49250
49310
49544
49626
49277
32869
49700
33007
33013
33111
33671
49384
49231
49541
50055
32869
33163
49266
50058
49231
49311
50051
50205
50207
32768
33080
33665
49253
33052
33139
49230
49253
33132
49470
50060
50205
33080
32873
32881
33293
49216
49266
49294
49298
49302
49674
50058
49231
32882
33007
33507
49398
33059
33139
33159
33499
50270
49547
32844
33064
32895
33271
33843
32866
32926
33160
33242
32893
33297
49536
49253
33014
49253
33046
49448
50266
49365
49475
49549
33826
49530
49253
32844
33064
33146
33007
33069
33823
50270
49288
49436
32838
32844
33152
33242
33674
33821
49992
33620
32841
32875
49302
49464
49625
49753
32882
32922
32847
32873
49536
49544
49279
49529
33132
49216
49266
49530
49231
49301
49677
32869
33087
49230
49310
49253
32866
32926
33152
32895
49228
49266
49652
50056
50228
49305
49677
33132
49216
49222
49228
49266
49302
33384
49226
49266
49257
49311
50051
32983
33007
33823
49230
49253
33020
49266
49298
50058
49311
50051
33052
33143
33671
49530
49253
49266
49370
50058
49231
49257
49311
49669
49677
32851
32869
49250
49310
49536
49279
33030
49266
49744
49231
49311
33316
49226
49266
50268
49233
49257
49311
49467
49555
49791
49931
49951
49967
49989
32966
33046
50004
33132
32832
32981
33045
33143
33395
49266
49532
49231
49311
49991
33059
33139
33143
33151
33157
33177
49253
49625
32882
33146
33160
33674
32829
32867
32873
32881
32973
33057
33069
33281
33331
33389
33537
33585
33615
33695
33717
33731
33823
16878
16977
16979
1118
83
101
107
127
197
435
463
473
1099
16826
74
88
90
94
96
120
585
16878
16621
16755
16881
17487
368
1023
16882
16527
17287
17291
17433
226
101
593
595
16482
16668
17093
76
73
323
16652
16694
16399
16415
16423
16427
16429
16431
16471
16477
16577
16581
16631
16633
16639
16657
16659
16663
16697
16711
16717
16719
16723
16751
16767
16791
16799
16811
16819
16823
16839
16871
16877
16897
16921
16947
16951
16977
16979
16989
16995
17007
17017
17023
17039
17065
17105
17109
17111
17163
17165
17169
17181
17195
17197
17207
17213
17215
17231
17235
17267
17271
17275
17311
17331
17361
17365
17367
17389
17395
17399
17415
17421
17427
17443
90
286
600
16986
16457
16523
16633
16801
16841
16903
17105
17373
17383
17433
96
122
284
17502
16467
16491
16511
16781
326
352
494
16458
16496
16768
16631
16883
17263
354
1086
16974
17122
16405
16977
16979
17139
17335
596
598
19
73
87
127
197
281
343
363
439
493
539
545
605
627
629
683
711
721
777
787
863
881
953
971
973
987
1091
16496
16980
16527
16759
17093
98
148
1052
147
151
593
595
1023
1049
17288
17502
16467
16491
296
1118
83
17464
16393
16425
16477
16499
16503
16523
16635
16665
16739
16757
16791
16871
16903
16915
16933
16967
16969
17003
17027
17073
17077
17093
17155
17225
17229
17235
17259
17267
17343
17355
17365
17377
17379
17395
17441
326
16460
16429
16485
16577
16747
16995
17007
17111
17155
17241
17251
17275
96
122
286
602
147
151
16690
16694
17128
17486
16399
16477
16499
16503
16563
16575
16581
16671
16747
16811
16817
16823
16841
16871
16913
16979
17057
17067
17155
17229
17235
17271
17331
17353
17357
17361
17383
17421
17489
346
83
107
127
281
397
507
16675
16691
16977
16979
17433
17485
888
980
16908
16511
16551
16563
16703
16933
17165
17291
346
1118
83
101
107
127
319
399
1095
16594
17122
16523
16581
16625
16725
16791
16941
16947
16953
17007
17093
17157
17161
17165
17219
17305
98
112
1104
7
593
595
629
1049
1075
1101
1103
16458
16524
16532
16536
16668
16523
16531
16535
17407
94
120
115
627
973
1101
16594
16652
16682
16694
17486
16437
16529
16877
16929
17023
17437
596
127
373
531
16730
16397
16399
16433
16471
16477
16511
16633
16637
16659
16745
16791
16817
16869
16871
16921
16923
16977
16979
17049
17065
17101
17105
17111
17153
17167
17205
17233
17267
17271
17297
17299
17355
17357
17379
17453
17467
17485
332
147
16410
16434
16405
16425
16471
16477
16499
16501
16503
16511
16561
16633
16635
16637
16671
16713
16739
16785
16791
16799
16811
16821
16853
16867
16897
16921
16923
16947
16949
16967
16977
16979
17023
17035
17041
17073
17095
17099
17103
17109
17117
17147
17149
17159
17167
17171
17185
17205
17207
17219
17229
17231
17245
17247
17267
17311
17335
17343
17361
17363
17365
17369
17371
17377
17401
17407
17419
17421
17427
17443
17449
210
226
310
384
21
47
93
127
179
197
251
309
337
407
425
429
439
487
505
509
529
567
657
665
699
721
727
769
771
827
845
873
893
971
973
993
1093
1095
16532
16405
16531
16739
16951
17105
17155
17287
17331
17349
17357
17427
298
590
746
1102
115
127
593
595
613
875
1105
16405
16675
16741
16791
16871
16929
16955
16977
16979
16999
17077
17159
17187
17199
17355
17373
17427
17433
58
298
392
21
125
179
193
203
287
309
337
399
415
427
455
491
493
551
555
577
593
619
655
657
703
727
773
785
787
801
821
857
863
883
931
937
983
991
1007
1015
1053
1071
1083
1087
16532
16668
16878
16980
17412
16531
16535
17407
298
1118
83
93
101
107
127
357
473
491
605
855
867
891
16730
16467
16471
16485
16491
16511
16555
16559
16715
16799
16857
16869
16929
16951
16989
17011
17057
17073
17083
17187
17219
17263
17357
17359
17377
17471
17483
168
16482
16496
16594
16728
17122
16473
16557
16659
16721
16791
16903
16913
16937
16941
16977
16979
16995
16997
17007
17017
17041
17047
17089
17139
17183
17199
17247
17267
17305
17307
17353
17375
17423
17483
494
139
373
16732
16511
16665
16757
17229
17287
160
224
346
93
271
341
461
555
565
593
595
657
693
771
773
823
883
887
959
971
995
1091
16594
16427
16477
16503
16511
16561
16581
16639
16757
16783
16851
16899
16947
16951
16977
16979
17197
17221
17369
17393
17415
17453
1032
16460
16732
16467
16485
16723
16839
17095
17111
17425
26
134
210
268
296
306
41
43
45
87
93
179
191
201
253
289
309
337
343
373
407
433
455
493
545
549
555
583
593
595
629
633
635
643
673
683
693
699
709
721
773
777
785
799
835
845
863
869
923
961
971
981
985
1011
1015
16980
16757
16977
16979
17283
156
109
279
309
459
903
16540
16423
16485
16511
1118
83
101
107
127
395
1023
16608
16698
16471
16757
16791
16823
16871
16951
16977
17139
17161
17383
17439
330
336
494
16668
17502
16467
17407
87
171
281
291
371
453
487
523
593
595
627
971
1103
17270
878
593
595
16488
16594
16598
16650
16652
16730
17122
16429
16431
16471
16473
16479
16499
16641
16655
16659
16661
16667
16725
16757
16785
16791
16793
16819
16871
16875
16877
16891
16915
16977
16979
17007
17011
17035
17057
17071
17095
17097
17117
17147
17183
17201
17227
17233
17355
17357
17371
17373
17389
17391
17447
127
139
143
375
741
16650
16768
16499
16635
16913
16933
16977
17159
17169
17271
17355
17413
17427
354
16478
16878
17407
17433
17459
494
922
1051
16878
17412
16973
17409
17459
4
35
197
261
373
491
493
529
551
593
629
655
657
825
965
16532
16536
16668
16670
16531
16535
298
378
746
87
249
253
373
425
427
435
451
519
593
595
643
733
849
883
965
1105
17184
17433
87
93
115
127
235
275
355
367
515
517
519
531
567
593
595
619
639
677
689
711
717
721
823
835
863
965
977
993
1063
1099
16608
16730
16732
16433
16589
16713
16781
16799
16893
16913
16915
17011
17079
17087
17095
17111
17275
17335
17371
17377
17379
17479
156
1118
83
101
107
127
16482
16488
16496
16471
16693
16785
16891
17023
17057
17073
17077
17105
17199
17235
17287
17357
17359
17377
17379
17391
17419
17427
17455
702
16480
16668
16984
16986
16707
140
600
602
139
143
693
903
975
16412
16391
16395
16405
16471
16473
16485
16511
16589
16659
16745
16857
16931
16941
16999
17057
17205
17215
17257
17353
17395
812
16410
16412
16598
16650
16652
16732
16768
16776
16429
16431
16433
16479
16555
16589
16673
16713
16739
16791
16811
16821
16839
16867
16875
16903
16919
16921
16977
16979
16995
16997
17019
17043
17057
17093
17167
17183
17185
17225
17231
17237
17257
17269
17331
17345
17351
17353
17355
17449
17469
104
112
346
348
19
21
31
127
207
249
337
355
395
407
413
443
461
485
487
491
515
519
531
555
593
619
627
631
689
693
709
775
785
811
813
823
835
855
971
973
975
981
1017
16488
16633
16977
16979
17407
17433
17435
17501
524
371
407
413
523
629
907
1005
1023
16594
16762
17122
16405
16433
16437
16499
16511
16557
16693
16757
16979
17157
17447
58
184
188
266
298
378
384
392
522
1102
19
31
47
53
87
93
119
125
191
205
253
301
355
429
443
455
461
467
493
505
541
547
551
565
567
577
593
595
619
623
665
711
719
765
769
777
787
797
815
817
821
823
825
839
841
847
849
851
883
901
923
929
937
947
949
975
995
1009
1053
1055
16460
16524
16523
16757
17433
17485
76
348
746
1050
1102
11
21
31
35
49
61
87
93
171
193
197
207
251
331
335
401
505
519
577
583
627
643
673
693
711
719
725
727
755
775
807
821
823
849
941
965
969
977
995
1035
1053
16488
16496
16594
16477
16501
16667
16693
16713
16759
16871
16951
17031
17039
17065
17167
17171
17223
17233
17355
17367
17391
17401
17419
17437
17471
314
115
401
461
563
593
595
903
987
989
49252
49626
50054
49175
49263
49275
49285
49307
49425
49437
49517
49521
49609
49647
49827
50033
50137
50213
50219
50271
33670
32831
32843
33121
49290
49275
49305
49533
49677
50271
32850
32876
33242
33083
49234
49468
49900
50064
50066
49411
49445
49467
32906
33528
33868
49440
49638
33040
33044
49278
49384
49442
49365
32868
32882
49234
49252
49258
49526
49622
50054
49195
49201
49243
49249
49281
49429
49445
49483
49773
49777
49827
49919
50023
50035
50087
50155
33316
33738
32819
49424
49834
33680
33682
32999
33321
33329
33643
33673
33875
49470
49251
33190
33352
32847
32925
49231
49233
49265
32986
33084
33682
33083
33149
50268
50271
33040
49260
49268
49251
33166
32867
33771
49550
49153
49275
50061
50063
33084
33158
33190
32901
33133
33189
33289
33657
33673
49638
49942
32904
33044
49460
50150
33166
33670
33680
33083
49744
32882
33887
49208
49600
49249
49891
33044
33574
49540
49638
49818
33058
32993
33147
49428
49980
49203
32850
32882
49278
49912
32970
32979
49208
49222
49574
50226
33596
33728
33517
49470
49834
32850
32882
49744
32850
32867
49528
49740
50054
49293
49519
49677
33280
49664
50122
33012
33058
33142
32865
33065
49470
49251
32970
33513
49526
50054
50064
49449
49537
33030
33316
49540
50068
49895
32850
33158
33670
32865
32889
32923
33149
49204
50018
33012
33680
33846
32791
33673
49212
49278
33076
33738
33766
49638
33670
32883
32997
33295
33677
33849
33887
49424
32850
32876
33002
32859
33367
33887
49266
49233
32894
33140
33664
49796
49860
33138
32769
32923
33121
49428
50122
49451
32832
32993
33367
49278
49251
33254
49234
49266
33362
32849
32881
49746
49369
33156
33083
49428
49644
49822
33150
33884
32847
49942
50150
32876
32884
33670
33053
50008
50140
32770
33164
33212
33670
32889
33535
33661
50054
50064
49805
49889
49919
49945
50033
50057
50219
50229
32832
33166
33242
32889
49638
50140
33316
33738
33513
49234
49252
49600
49153
49307
49375
50023
32876
32882
32881
49470
33280
49440
33012
33166
33670
49428
49904
32832
33002
33142
32989
49736
33316
49216
49381
49383
49437
50023
32850
33084
33682
33083
33693
49600
50058
49273
49309
49711
49827
33024
33044
33394
33558
49912
49153
49309
32838
32850
32868
32874
33142
33670
32897
33545
16543
16699
16947
17159
17211
17219
17251
17369
17387
17477
76
740
748
79
175
177
437
561
571
625
653
885
1093
16516
16700
16395
16399
16401
16421
16515
16559
16593
16741
16797
16877
16923
17025
17063
17071
17119
17159
17235
17239
17271
17279
17311
17361
17369
17481
171
291
299
453
455
505
511
689
691
693
699
707
731
735
807
995
1031
16498
16500
16512
16700
16808
16834
17500
16465
16483
16497
79
159
343
463
627
635
705
819
897
965
1001
1011
1023
17290
16597
16951
17087
17203
17301
17303
17349
17369
17385
17471
17477
17483
132
136
131
135
167
321
463
505
517
547
765
785
801
1075
16476
16516
16628
16668
114
310
378
3
167
417
537
781
797
803
829
1007
1089
16510
16932
16965
111
913
16770
16774
16395
16421
16543
16585
16717
16847
17039
17053
17057
17065
17113
17167
17169
17201
17441
17449
17481
826
1116
16448
16498
16680
16823
16931
17009
17023
17069
17089
390
79
123
159
333
427
639
659
735
773
805
815
881
1003
16510
17316
142
312
95
261
277
439
661
1047
16410
16412
16500
16570
16732
17410
16393
16395
16397
16417
16483
16543
16559
16587
16593
16715
16741
16745
16747
16797
16799
16837
16847
16919
16925
16937
16945
16947
16949
16951
17019
17045
17047
17057
17063
17065
17069
17141
17157
17175
17177
17181
17361
17379
17385
17391
17407
74
132
296
131
1023
16680
16730
16425
16463
16587
16735
16745
16905
16919
16987
16991
17009
17027
17039
17069
17115
17265
17349
17371
17395
17441
138
588
1112
243
247
683
16410
16476
16502
16516
16579
16661
16717
16721
16865
16877
16955
17039
17405
17407
17441
17453
102
128
562
16466
16510
16516
16532
16536
16878
17500
16515
16519
16531
16535
17433
86
92
118
494
159
17062
506
1094
915
16500
16510
16516
16878
17410
16465
16483
16497
16515
17407
17433
17503
268
528
81
167
173
247
277
357
493
561
623
729
763
775
787
897
959
981
1075
16470
16476
16500
17494
16483
16515
16645
16721
16841
16843
16901
17103
17109
17171
17265
17333
17335
47
159
253
315
359
369
439
547
555
563
641
795
799
805
835
867
957
975
977
985
1003
1011
1057
1091
17290
17494
16633
16895
16931
17023
17101
17103
17119
17159
17183
17213
17391
906
365
511
547
561
587
731
775
785
1069
16694
16509
16537
16831
16909
114
268
378
1108
37
301
493
635
985
1013
1021
17338
16483
16497
136
186
346
69
131
135
167
177
193
195
197
201
209
369
465
467
519
533
553
571
607
681
699
705
735
769
807
843
893
957
973
1021
1023
1083
1087
1089
16500
16572
16694
16730
16768
16910
16395
16479
16561
16647
16673
16727
17041
17069
17103
17185
17237
17247
17249
17367
17369
17391
100
494
1016
131
585
1023
16730
17284
16507
16753
16849
16903
16931
16945
17023
17025
17045
17063
17069
17073
17113
17165
17183
17301
17385
17391
17421
17437
95
295
547
615
651
673
691
855
16460
16522
17408
16909
17069
17219
346
386
35
113
177
209
251
337
343
351
353
377
453
497
505
551
565
635
637
731
735
799
807
837
877
973
1001
1003
1007
1089
1093
16498
16500
16618
17410
17412
17500
16803
17407
17409
17433
26
114
132
131
173
177
197
277
363
453
455
545
551
571
659
679
691
693
723
725
767
781
795
799
815
837
1019
1043
1045
1047
1075
1103
16530
16453
16509
16533
16593
17053
17073
17147
17265
74
79
81
263
315
427
439
539
571
659
695
801
815
825
829
881
893
1053
16495
17039
17385
17391
590
159
375
16700
16483
16865
16931
16951
17107
17151
17171
17385
17417
17419
17459
24
232
906
47
123
213
441
485
643
803
1001
16730
16912
16625
16811
17189
17267
17385
1
515
553
667
685
717
773
801
855
875
973
1005
1075
1097
16456
16530
16401
16417
16557
16849
16937
17027
17181
17199
17395
17459
26
28
1116
9
11
17
21
79
159
195
289
413
415
427
437
441
467
479
483
489
491
505
511
551
553
565
611
615
617
623
625
633
641
643
657
661
665
673
685
693
699
701
711
719
729
757
763
773
795
805
825
861
885
931
965
985
991
993
995
1001
1007
1011
1015
1021
1033
1043
16460
16466
16498
16572
16730
16529
16623
16735
16741
16811
16821
16935
17063
17265
17311
17315
17359
17391
17437
298
382
904
69
79
389
16696
16551
16735
16799
16821
16851
16919
16931
16947
17049
17069
17071
17203
17301
17369
17375
17385
17391
318
912
209
255
353
369
487
691
693
699
769
793
899
965
16470
16476
16500
16502
16668
16878
17407
92
97
123
131
413
435
16498
16884
17488
16631
17187
90
246
494
583
16504
16872
16967
17407
17459
118
81
131
481
535
561
587
633
637
641
687
735
817
981
1019
1047
1099
16498
16682
16694
16762
16768
16623
16931
17081
76
114
378
904
17
301
561
799
1011
16448
17290
16685
16987
17235
1104
1116
17
57
113
261
547
553
659
735
799
973
1075
16498
17330
17500
16483
380
11
17
249
277
333
337
351
363
369
505
535
541
547
567
661
685
723
729
735
795
807
819
835
847
859
885
945
977
1023
1049
16498
16500
16700
16878
17500
16463
16465
17407
114
116
554
1116
99
1023
1049
1101
16498
16730
16543
16583
16819
16823
16909
16919
16993
17039
17069
17151
17327
17473
114
318
535
539
585
737
775
839
899
987
1031
1061
1083
1095
16498
16682
16686
16762
16766
17288
16463
16665
16821
16875
16903
16949
17009
17021
17051
17053
17081
17159
17183
17385
17447
17467
86
114
132
136
1114
81
131
135
331
465
719
793
1023
1075
1089
16642
16882
17407
86
92
116
118
132
136
148
494
1026
113
131
135
147
419
445
581
1023
1025
1077
16407
16433
16463
16505
16551
16593
16635
16727
16741
16823
16849
16949
16961
17007
17019
17029
17039
17063
17091
17103
17113
17159
17185
17219
17225
17227
17239
17259
17263
17331
17405
17443
17471
126
826
113
16463
16543
16639
16699
16735
16949
17015
17023
17049
17109
17115
17183
17187
17191
17235
17471
74
79
99
159
751
1025
16668
16676
16465
16483
16675
16755
346
474
7
11
183
201
205
247
255
333
411
427
437
439
493
535
543
571
573
575
657
675
685
761
773
775
779
781
799
827
835
851
855
865
877
917
919
975
985
1001
1007
1015
1057
1063
1087
1089
1093
16498
17500
16483
16623
16633
16635
16673
16727
16845
16931
16951
16959
17049
17069
17123
17151
17155
17167
232
906
213
277
535
547
787
829
893
1065
16448
16648
16429
16543
16661
16737
16851
16875
16903
16935
17023
17057
17219
17365
17385
17391
17395
116
132
244
494
131
585
1023
1049
1075
1101
16460
16453
16463
16811
16819
16821
16889
16921
16923
17021
17025
17027
17051
17053
17177
17249
17265
17357
17389
17427
17451
17471
86
92
118
99
123
413
491
547
847
937
16624
16668
16497
16671
17459
17485
144
906
37
91
123
201
539
571
685
869
17500
16729
17407
92
118
232
906
16416
16470
16484
16510
17500
16497
16965
114
668
1116
16410
16412
16572
16650
16770
17290
17500
16393
16417
16419
16421
16425
16427
16479
16551
16553
16557
16567
16579
16583
16585
16587
16593
16633
16635
16637
16639
16645
16647
16655
16673
16717
16723
16739
16745
16747
16749
16753
16785
16791
16793
16795
16797
16811
16825
16827
16837
16847
16849
16865
16875
16877
16879
16889
16893
16899
16917
16919
16921
16923
16925
16931
16935
16945
16947
16955
16957
16963
16991
16999
17007
17009
17019
17027
17029
17039
17045
17049
17051
17057
17065
17067
17069
17071
17073
17075
17077
17079
17087
17089
17091
17103
17109
17115
17149
17151
17157
17169
17175
17177
17179
17183
17187
17193
17203
17209
17211
17213
17219
17221
17225
17231
17233
17245
17249
17253
17259
17263
17265
17273
17279
17301
17305
17309
17315
17341
17343
17353
17357
17361
17365
17377
17389
17391
17393
17395
17399
17403
17405
17407
17423
17431
17441
17443
17447
17451
17453
17469
17471
17473
17475
17479
86
92
126
1116
159
1023
49426
49181
32872
49230
49276
49310
50070
50257
49256
32878
32883
49202
49262
49746
50068
49227
49307
49427
49547
49781
50153
33885
50269
32946
33716
32869
32877
33359
49256
32866
49492
49884
50104
49253
32866
49230
49262
49271
49289
49471
32878
32883
49256
32846
32878
32984
33297
49236
49362
49526
49890
50054
49227
49229
49437
49659
50023
50223
32869
33037
49262
49253
49469
33885
49256
33037
50012
49253
33228
32869
49282
49376
49472
49526
49738
49890
50054
49307
49603
49651
50179
50181
32926
33506
33684
32843
32925
50269
32846
33842
32861
49330
32848
49157
49227
49229
49271
49307
49533
32883
49232
33580
32869
49232
32848
49232
32846
32878
32982
33062
33407
33639
33767
49250
32872
49230
49276
50068
50023
33790
32883
49704
49253
32846
33062
32887
33087
33171
49264
32883
33367
49267
32822
32982
33142
33144
33670
32895
33297
49232
32872
49250
32878
32883
49264
32880
49262
49310
49336
49526
49890
49185
49257
49307
49309
49345
50209
50237
32883
49310
49526
50066
50202
49307
49471
49567
33228
33558
32875
49426
49812
32880
49250
33804
32869
33037
49267
33885
49262
49522
50068
49227
49309
49925
50085
32892
32883
49202
49362
49446
49596
49898
50054
50202
50254
49271
49335
49359
49437
49445
49487
49489
49577
49657
49681
49803
49805
49857
49947
49967
49985
50011
50207
50257
50259
32926
32905
33087
33297
49612
32846
33886
49172
49337
32768
32818
32930
32984
33058
33138
33818
33081
33193
33527
33705
49250
32866
49528
49307
49405
49465
49471
49533
49603
49853
32880
49276
49267
32872
49253
32866
49256
32866
50269
33628
32875
33628
32869
49262
49267
32846
32892
32926
33167
49250
32848
49230
49366
49388
49522
49471
32978
33684
32843
32845
32923
33053
49421
32788
33428
33650
32869
33037
49172
50270
49623
32922
33886
33085
49230
50270
49261
32814
33037
