16406
16414
16424
16438
16440
16456
16470
16472
16399
16403
16423
16435
16437
16451
16453
16459
16461
16469
32
56
72
15
37
39
16388
16454
16403
16405
16423
16
50
72
86
37
59
85
16404
16408
16414
16418
16438
16440
16442
16456
16470
16472
16387
16397
16399
16417
16435
16437
16455
16459
4
16
52
56
66
1
19
31
33
75
16432
16438
16454
16456
16470
16403
16443
16469
30
54
72
88
3
15
19
23
33
37
71
75
16400
16404
16434
16438
16440
16456
16403
16417
16421
16423
16459
54
56
72
88
15
19
29
75
81
16406
16414
16424
16438
16440
16456
16470
16472
16393
16399
16435
16437
16451
16453
16459
16461
16469
4
16
20
54
56
66
68
72
1
19
37
75
16404
16418
16440
16456
16460
16468
16403
16421
16455
16459
16471
4
54
70
86
88
1
19
35
37
39
59
75
77
85
16388
16438
16440
16454
16470
16472
16403
16405
16421
16423
16443
16459
16
20
34
54
56
72
88
15
23
37
39
49
71
75
16406
16416
16440
16470
16385
80
86
88
19
39
75
85
16384
16404
16414
16418
16424
16438
16440
16442
16456
16470
16472
16387
16399
16403
16417
16435
16437
16451
16453
16455
16459
16469
15
35
39
85
16400
16404
16418
16438
16440
16456
16397
16399
16403
16417
16421
16423
16433
16455
16459
0
20
30
34
54
56
72
86
88
3
15
19
33
37
53
67
69
71
75
85
16384
16404
16414
16418
16438
16440
16456
16470
16472
16399
16403
16417
16421
16423
16437
16451
16455
16459
16469
20
30
34
40
54
56
72
86
88
3
13
15
33
49
51
53
67
69
71
75
77
85
16404
16438
16440
16397
16403
16417
16423
16467
4
20
30
34
54
56
58
72
3
15
33
71
75
81
16388
16400
16404
16438
16440
16450
16452
16456
16460
16385
16403
16421
16459
20
30
34
54
56
72
86
88
13
19
33
39
49
75
85
16424
16430
16470
16401
16435
16461
4
16
20
34
54
56
66
68
72
76
1
19
23
37
75
16470
16399
16409
16421
16423
16451
16453
16459
4
16
20
52
54
56
66
72
1
19
31
37
39
75
16388
16404
16418
16438
16442
16456
16460
16472
16403
16421
16423
16455
16459
4
30
40
54
56
72
86
88
15
17
19
39
51
53
67
69
75
85
16388
16438
16450
16452
16460
16399
16403
16421
16433
16455
16459
16471
4
16
20
52
66
72
1
33
37
39
16388
16400
16404
16438
16440
16450
16456
16403
16417
16421
16459
4
30
48
54
56
72
86
88
15
37
51
67
75
85
16388
16396
16406
16414
16424
16432
16438
16440
16456
16470
16472
16399
16401
16403
16421
16423
16435
16437
16451
16453
16459
16469
4
16
20
52
54
56
66
72
1
19
31
37
39
75
16438
16440
16444
16456
16470
16472
16403
16421
16423
16469
4
16
20
52
54
56
66
72
19
33
37
39
16388
16404
16406
16414
16418
16424
16438
16440
16442
16456
16470
16472
16387
16399
16401
16417
16435
16437
16451
16453
16455
16459
16469
32
60
19
16388
16400
16404
16418
16438
16440
16456
16460
16403
16407
16417
16421
16459
4
20
34
66
68
72
76
1
19
33
37
75
16388
16414
16438
16456
16470
16387
16403
16421
16423
16435
16437
16453
16459
16469
0
20
30
34
54
56
72
86
88
15
19
33
37
39
53
67
69
71
75
85
16388
16414
16424
16430
16440
16456
16470
16472
16399
16401
16403
16435
16437
16451
16459
20
34
54
56
58
72
86
88
3
15
19
33
51
53
67
69
71
75
85
16470
16472
16403
16421
16423
16443
16459
16461
4
20
30
34
54
56
58
72
86
88
3
15
19
33
51
53
67
69
71
75
85
16454
16423
16469
20
30
34
54
56
72
86
88
13
15
19
33
39
49
53
67
69
71
75
77
85
16388
16438
16450
16456
16403
16417
16421
16423
16459
4
16
52
54
56
68
72
1
19
37
39
75
16384
16404
16414
16418
16438
16440
16442
16456
16470
16472
16387
16399
16403
16417
16431
16435
16437
16451
16453
16455
16459
16469
4
20
30
34
40
54
56
58
72
86
88
3
15
17
19
51
53
71
75
85
16400
16404
16418
16438
16440
16397
16399
16403
16417
16421
16423
16455
16459
54
60
64
86
88
15
53
69
75
85
16388
16414
16424
16438
16440
16456
16470
16472
16387
16399
16403
16423
16435
16437
16451
16453
16459
16469
20
30
34
56
72
86
88
13
15
33
39
49
71
77
85
16388
16400
16404
16418
16438
16440
16450
16452
16456
16460
16385
16403
16417
16421
16459
4
16
20
52
54
66
72
19
31
37
39
16400
16404
16434
16438
16440
16456
16472
16403
16421
16423
16433
16459
4
20
54
56
68
72
1
19
37
16404
16414
16418
16424
16438
16440
16442
16456
16470
16472
16387
16397
16399
16403
16417
16437
16451
16453
16455
16459
16461
16469
0
20
30
34
54
56
72
86
88
3
13
15
19
33
53
67
69
71
75
85
16388
16404
16414
16418
16438
16440
16442
16456
16460
16472
16387
16399
16403
16417
16421
16435
16437
16459
20
30
54
56
72
86
88
13
33
61
67
69
75
77
85
16400
16404
16438
16456
16470
16472
16397
16417
16423
16459
16461
16469
34
56
66
68
1
49
75
16388
16417
16423
4
20
1
13
33
75
16388
16404
16414
16418
16438
16440
16442
16456
16470
16472
16387
16399
16417
16435
16437
16445
16453
16455
16459
16469
32804
32799
49237
49239
32786
32799
49200
49164
49221
49241
32800
49207
32788
32798
32816
32785
32845
49200
49157
32788
32808
32816
32785
32827
49226
32786
49164
49174
49157
32816
32818
32785
49185
49187
49219
32798
32806
32808
32822
32824
32840
32856
32787
32805
32817
32819
32835
32837
32839
32843
32853
49173
32773
49225
32841
49221
49239
32790
32798
32806
32808
32822
32824
32840
32856
32783
32787
32805
32819
32821
32835
32837
32843
32853
49174
49182
49190
49192
49206
49208
49224
49238
49240
49167
49171
49189
49203
49205
49219
49221
49223
49227
49237
32855
49241
32770
32788
32808
32840
32854
32821
49228
49157
32841
49174
49190
49192
49206
49238
49171
49189
49203
49205
49219
49221
49227
49237
32823
49226
32800
49164
49221
32790
32773
49207
32806
32827
49226
32786
49187
49241
32780
32784
32802
32835
32853
49164
49219
49223
49237
32770
32826
32821
49226
32818
32803
32821
49241
32780
32808
32837
32839
49156
49172
49174
49182
49192
49206
49208
49224
49240
49153
49167
49171
49185
49189
49205
49219
49221
49227
49229
49237
32780
32773
49241
32823
49228
49157
32825
49164
49188
32803
49168
49172
49174
49182
49186
49190
49192
49206
49208
49224
49240
49167
49171
49185
49189
49203
49205
49219
49221
49223
49227
49237
49207
32786
49228
49157
32841
49156
49182
49190
49206
49208
49224
49238
49153
49171
49189
49219
49221
49237
49209
32852
32845
49210
49187
32800
32806
49226
32780
32818
32835
49207
32788
32808
32803
32821
49164
49157
32818
49172
49192
49200
49169
49171
49189
49205
49211
32786
16384
16422
16452
16461
14
72
74
13
77
16398
16420
16422
16434
16458
16407
16415
16425
16433
16441
14
13
23
55
87
16388
16402
16418
16420
16458
16460
16472
16399
16405
16407
16417
16425
16435
16437
16439
16441
16455
16457
16471
18
36
50
68
74
31
35
41
55
57
73
16402
16418
16420
16422
16442
16458
16460
16472
16399
16405
16407
16417
16425
16439
16441
16455
16457
2
4
12
18
34
36
68
74
76
88
15
21
23
31
33
41
49
51
55
57
71
73
87
16398
16402
16416
16420
16436
16452
16454
16458
16397
16407
16415
16425
16433
16441
16471
18
36
74
76
88
17
21
33
41
53
55
57
73
81
16402
16420
16422
16458
16407
16409
16411
16415
16425
16433
16441
18
34
36
58
74
88
21
31
33
41
53
55
57
73
16386
16388
16396
16402
16420
16442
16458
16472
16385
16399
16405
16415
16417
16425
16439
16441
16455
16457
16471
14
18
32
36
52
68
70
74
13
23
31
41
49
57
87
16402
16420
16428
16458
16407
16413
16425
16441
16471
52
74
49
85
16402
16420
16450
16458
16468
16401
16405
16415
16425
16437
16439
16441
16447
16457
14
36
38
50
74
84
13
23
31
41
57
16388
16402
16442
16460
16385
16405
16407
16425
16433
16435
16439
16441
16457
16469
18
36
58
74
88
15
17
21
33
41
53
55
57
71
73
16454
16397
16461
16471
2
18
24
68
74
23
31
41
49
55
16388
16402
16420
16452
16415
16419
16439
16457
16471
4
18
36
52
68
74
76
1
23
31
41
49
55
57
73
87
16384
16456
16433
18
36
50
58
66
74
84
88
17
21
31
33
41
53
55
57
73
16402
16418
16420
16422
16442
16458
16460
16472
16399
16405
16407
16417
16425
16435
16439
16441
16451
16455
16457
16469
16471
0
18
34
36
38
74
76
88
15
17
21
23
33
41
51
53
55
57
71
73
87
16397
16469
2
4
12
18
36
68
74
76
88
15
21
31
33
41
53
55
57
71
73
87
16402
16418
16420
16422
16442
16458
16460
16472
16405
16407
16415
16417
16425
16433
16439
16441
16457
18
36
58
74
88
15
17
21
33
41
53
55
57
71
73
87
16384
16398
16456
16407
0
18
38
5
21
23
87
16398
16434
16458
16407
16415
16433
16441
18
36
38
50
66
74
84
3
13
23
31
41
49
55
57
73
16402
16420
16434
16452
16458
16415
16419
16425
16441
16471
14
18
50
68
74
31
49
59
16416
16420
16452
16454
16458
16397
16407
16415
16433
16443
16473
18
50
66
68
74
31
35
16384
16402
16418
16420
16422
16458
16460
16472
16399
16401
16405
16407
16417
16425
16437
16439
16441
16455
16457
32
52
68
13
23
31
35
89
16402
16418
16420
16442
16458
16472
16405
16407
16425
16433
16435
16439
16441
16469
16471
0
18
72
87
16384
16402
16418
16420
16422
16458
16460
16472
16399
16401
16405
16407
16417
16425
16437
16439
16441
16455
16457
2
18
36
66
74
84
17
21
31
41
55
57
73
87
16386
16388
16402
16420
16442
16452
16458
16460
16385
16405
16407
16415
16425
16433
16441
16451
16469
16471
0
36
68
72
31
16402
16420
16458
16460
16397
16401
16407
16415
16425
16433
16439
16441
16457
2
4
18
36
74
88
15
17
21
33
41
53
55
57
71
73
87
16420
16405
16415
16437
16439
2
14
18
32
36
52
68
70
74
13
23
31
41
49
57
16384
16402
16416
16452
16454
16389
16407
16415
16425
16433
16441
16461
18
34
36
58
74
76
88
15
21
23
33
41
51
55
57
67
71
73
85
87
16386
16388
16402
16420
16452
16458
16460
16385
16405
16407
16415
16425
16433
16439
16441
16451
16457
16469
16471
36
74
76
88
21
33
41
43
55
57
73
16384
16402
16418
16420
16422
16450
16458
16460
16472
16401
16405
16407
16415
16417
16425
16433
16437
16439
16441
16455
16457
18
50
74
84
35
55
73
87
16420
16452
16454
16407
16415
16441
16461
14
18
32
36
52
68
70
74
13
23
31
41
49
57
87
16412
16397
16407
16425
2
18
36
66
74
84
88
15
17
21
31
33
41
53
55
57
71
73
87
16388
16402
16420
16436
16452
16458
16460
16385
16407
16415
16425
16433
16439
16441
16457
16471
68
74
13
49
79
16402
16420
16442
16458
16472
16399
16401
16405
16417
16425
16437
16439
16441
16455
16457
18
36
58
74
88
15
17
21
33
41
53
55
57
71
73
16384
16402
16418
16420
16422
16442
16458
16472
16389
16397
16405
16407
16425
16433
16439
16441
18
34
36
38
58
74
76
88
15
21
23
33
41
55
57
71
73
16420
16422
16452
16407
16415
16425
16433
16443
2
4
12
18
36
58
74
88
1
15
21
31
33
41
55
57
71
73
87
16386
16388
16420
16458
16385
16405
16407
16415
16433
16451
16469
4
18
34
36
74
76
88
15
21
23
33
41
51
53
55
57
71
73
87
16384
16402
16418
16420
16422
16458
16460
16472
16399
16401
16405
16407
16417
16425
16435
16437
16439
16441
16455
16457
16471
18
36
50
58
66
74
84
88
17
21
31
33
41
53
55
57
71
73
16420
16458
16407
16409
16411
16431
16433
32808
49189
32783
32845
32853
32843
32787
49208
32786
32804
32820
32834
32842
32809
32817
32819
32825
32841
32855
49167
49203
49229
32843
49227
32808
49182
49204
32780
32820
32850
49204
49221
32771
32799
32809
32819
49208
49155
49191
32783
32817
32845
49206
32820
32854
49208
32768
32782
32786
32820
32838
32842
32789
32791
32809
32823
32825
32857
49184
49186
49204
32786
32800
32802
32809
32819
32841
49154
49164
49204
49241
32848
32827
49172
32800
32783
49184
49204
49228
49203
32824
49174
49204
32843
49208
32838
32854
32827
49168
49184
49228
49203
32784
32786
32800
32820
32836
32817
32819
32841
49171
32805
49218
49203
49189
32838
32854
32803
49208
32780
32782
32823
49166
49170
49188
49204
49218
49222
49226
49236
49173
49193
49209
49241
32805
32808
49164
49166
49204
49225
32808
32857
49171
32822
32769
49208
32780
32823
49184
49186
49204
49226
49175
49225
49239
32822
49203
49225
49229
32786
32804
32820
32834
32842
32852
32789
32791
32799
32809
32817
32823
32825
49192
32820
32837
49208
32808
49156
49168
49184
49186
32824
49192
32842
32771
32799
32809
32819
32825
32855
49227
32843
49192
32808
49208
49241
32857
16396
16406
16414
16424
16440
16403
16443
16451
16459
16461
16469
16471
4
12
22
32
48
54
56
58
70
72
1
17
19
21
35
37
67
69
75
85
89
16388
16396
16406
16438
16440
16454
16456
16385
16401
16403
16419
16421
16451
16453
16459
16465
16469
4
12
14
22
32
40
48
54
56
70
72
86
1
17
19
21
35
37
67
69
75
85
89
16386
16438
16411
12
30
34
48
19
37
59
69
75
77
85
16388
16396
16406
16414
16422
16424
16456
16385
16403
16405
16421
16435
16437
16451
16469
4
12
48
50
52
54
56
72
86
1
17
19
37
67
69
75
85
16418
16472
16385
16401
16461
34
48
88
67
69
75
16448
16417
16461
2
8
16388
16396
16406
16414
16440
16456
16401
16421
16423
16437
16451
16461
50
54
56
70
72
80
1
17
19
37
67
69
75
16388
16396
16406
16414
16416
16422
16424
16432
16438
16440
16454
16385
16401
16403
16405
16421
16437
16451
16453
16459
16461
16469
4
12
48
50
54
56
72
1
17
19
37
69
75
85
16388
16396
16398
16406
16416
16424
16432
16438
16440
16454
16456
16470
16385
16401
16403
16405
16419
16421
16451
16453
16459
16469
16473
34
15
16388
16408
16446
16454
16451
16469
4
12
14
22
40
48
50
54
56
70
72
1
3
17
19
35
37
67
69
75
85
89
16388
16396
16406
16424
16432
16438
16440
16456
16385
16401
16421
16437
16451
16459
16469
16471
12
30
34
48
54
72
88
1
15
17
19
37
59
67
69
77
85
16388
16396
16406
16414
16432
16438
16440
16454
16456
16385
16401
16421
16431
16451
16453
16459
4
12
20
22
40
56
72
1
17
19
33
37
39
67
69
75
77
16414
16432
16438
16440
16456
16461
16469
16471
30
70
72
1
19
25
37
53
61
85
16388
16396
16398
16406
16416
16432
16434
16438
16440
16454
16456
16460
16385
16387
16401
16403
16419
16421
16451
16453
16459
16469
16473
4
12
48
50
52
72
86
1
17
19
25
37
67
69
75
85
16406
16432
16438
16460
16385
16403
16419
16423
16451
16473
4
12
14
22
40
48
54
56
70
72
1
17
19
25
35
37
67
69
75
85
89
16388
16396
16414
16432
16438
16440
16456
16470
16385
16401
16403
16421
16431
16451
16453
16459
16469
4
12
48
50
52
54
56
72
86
1
17
19
37
67
69
75
85
16388
16396
16398
16406
16414
16416
16432
16438
16440
16442
16454
16456
16385
16401
16403
16419
16421
16451
16453
16459
16469
16473
54
70
1
19
69
79
16388
16408
16438
16440
16454
16456
16385
16401
16419
16451
16459
4
12
30
48
50
54
56
72
86
1
17
19
37
67
69
75
85
16388
16396
16406
16414
16424
16432
16438
16440
16456
16385
16401
16403
16409
16421
16437
16459
16469
16471
2
12
30
48
54
56
86
33
67
77
85
16388
16396
16432
16434
16436
16438
16440
16456
16470
16385
16401
16403
16421
16451
16453
16459
16469
54
78
33
16388
16396
16432
16438
16448
16456
16385
16401
16403
16421
16451
16453
16459
16463
16469
4
12
14
48
50
52
54
56
72
86
1
17
19
37
67
69
75
85
16404
16451
16461
4
12
38
40
70
72
1
17
19
21
37
67
69
16388
16396
16432
16434
16436
16438
16440
16456
16470
16385
16401
16403
16421
16451
16453
16459
16469
4
12
24
48
54
56
70
72
1
17
19
37
67
69
75
85
16396
16424
16432
16438
16385
16399
16403
16417
16421
16423
16443
16451
16453
16461
16469
4
34
48
88
69
16388
16396
16406
16432
16434
16438
16440
16454
16456
16470
16385
16401
16403
16419
16421
16423
16451
16453
16459
16469
6
22
30
40
70
72
19
33
37
75
85
16388
16414
16438
16440
16423
16461
4
12
14
22
30
32
48
54
56
58
70
72
1
17
19
35
37
67
69
75
85
89
16388
16396
16398
16406
16416
16424
16432
16438
16440
16454
16456
16470
16385
16401
16403
16405
16419
16421
16451
16453
16459
16469
16473
34
48
54
72
88
1
59
69
77
16388
16396
16406
16414
16416
16422
16424
16432
16438
16440
16454
16456
16385
16401
16403
16405
16437
16451
16453
4
12
30
48
50
54
56
72
86
1
17
19
37
67
69
75
85
16388
16396
16414
16432
16438
16440
16456
16472
16385
16401
16403
16421
16431
16443
16451
16453
16459
16461
34
67
77
16388
16396
16404
16406
16432
16438
16440
16456
16385
16387
16401
16403
16421
16423
16451
16453
16459
16469
4
12
30
56
72
1
17
19
67
69
75
77
83
85
16388
16396
16406
16432
16438
16440
16385
16401
16417
16421
16423
16451
16453
16459
16469
4
12
22
30
40
48
54
56
70
72
1
17
19
37
65
67
69
85
16388
16396
16410
16414
16432
16438
16456
16385
16401
16403
16443
16451
16453
16459
16461
16469
4
8
12
22
40
48
54
56
70
72
1
17
19
37
67
69
75
85
16388
16396
16424
16438
16440
16456
16401
16403
16443
16449
16451
16453
16459
16461
16469
12
20
22
30
40
48
54
56
72
1
15
17
19
33
37
39
53
59
67
69
77
85
16424
16471
4
12
14
22
40
48
50
54
56
70
72
76
1
3
17
19
35
37
67
69
75
85
89
16388
16396
16398
16406
16414
16416
16432
16438
16440
16442
16454
16456
16385
16401
16403
16419
16421
16451
16453
16459
16469
16473
4
12
14
22
32
48
54
56
58
70
72
1
17
19
35
37
67
69
75
85
89
16388
16396
16398
16406
16416
16424
16432
16438
16440
16454
16456
16385
16401
16403
16405
16419
16421
16451
16453
16459
16469
16473
4
12
30
48
54
56
1
19
37
65
67
69
75
77
85
16388
16396
16432
16438
16440
16456
16470
16385
16401
16403
16421
16443
16451
16453
16459
16463
16465
16469
2
4
12
30
48
70
72
37
61
67
69
75
77
85
16401
16421
16469
16471
32854
32825
49188
32786
49170
32772
32780
32790
32798
32800
32808
32814
32816
32822
32824
32832
32840
32854
32856
32769
32783
32785
32787
32789
32793
32803
32805
32819
32821
32827
32835
32837
32843
32853
49220
32784
49218
49209
32772
32778
32790
32800
32808
32814
32822
32832
32840
32846
32854
32856
32783
32785
32787
32789
32803
32805
32807
32819
32821
32827
32837
32853
32806
32808
32816
32822
32854
32787
32839
32843
32853
49201
32826
32839
49225
32800
32848
32854
32803
32819
32784
49170
32781
49157
32836
49209
32773
49218
32768
49225
32772
32778
32780
32790
32798
32800
32808
32814
32816
32822
32824
32840
32854
32856
32783
32785
32787
32789
32793
32803
32805
32807
32819
32821
32837
32843
32845
32853
49170
32773
49164
49184
49198
49206
49208
49222
49230
49238
49153
49161
49169
49171
49177
49189
49203
49211
49219
32844
32856
32819
49225
32854
32819
32839
49210
49223
49156
49164
49174
49182
49184
49192
49200
49206
49208
49224
49238
49240
49153
49159
49169
49171
49173
49187
49189
49203
49219
49221
49237
32778
32780
32790
32798
32800
32814
32816
32822
32828
32838
32840
32854
32769
32783
32785
32787
32789
32793
32803
32805
32807
32819
32827
32835
32843
32845
49226
32854
32821
32839
49186
49228
49193
32808
32832
32854
32819
32821
32839
49228
49203
32802
32844
49162
49216
49238
49161
49211
32781
49225
32841
49156
49164
49174
49182
49184
49198
49200
49206
49208
49216
49222
49224
49230
49238
49153
49155
49169
49171
49173
49177
49189
49203
49211
49219
49221
49227
49237
32781
32836
49168
32839
32825
49236
32780
32790
32798
32800
32808
32814
32816
32822
32824
32840
32846
32854
32769
32777
32785
32787
32789
32805
32819
32821
32827
32835
32837
32843
32853
49152
32841
49236
49168
32772
32778
32780
32790
32798
32800
32808
32814
32816
32822
32824
32828
32832
32840
32854
32856
32769
32783
32785
32787
32789
32803
32805
32807
32819
32821
32827
32835
32837
32843
32853
49238
49223
32844
49164
49174
49182
49184
49198
49200
49206
49208
49216
49224
49238
49153
49155
49161
49169
49171
49173
49203
49219
49227
32784
49228
49203
49238
49173
49203
49223
32819
32839
49168
32784
16396
16412
16422
16432
16436
16454
16460
16421
16425
16435
16443
16451
16473
12
70
1
9
37
41
57
59
85
89
16406
16446
16452
16425
14
16
38
52
54
70
72
1
3
37
41
51
59
85
87
89
16398
16406
16428
16438
16454
16460
16387
16403
16421
16425
12
16
34
52
54
68
76
27
37
16396
16416
16454
16387
16393
16469
12
14
16
18
34
48
52
54
60
68
70
72
74
76
1
3
31
33
37
41
57
59
87
89
16396
16406
16436
16438
16454
16460
16385
16387
16389
16421
16425
16431
16443
16451
16469
16473
12
22
30
52
54
70
72
76
1
3
5
19
21
41
51
85
89
16396
16398
16400
16406
16418
16432
16436
16438
16452
16454
16456
16458
16460
16385
16387
16421
16425
16441
16443
16471
16473
12
14
48
52
54
70
72
76
1
3
37
41
59
61
67
85
89
16398
16406
16414
16432
16436
16454
16456
16460
16385
16387
16403
16421
16425
16443
16447
16451
16469
16473
12
14
16
34
48
52
54
68
70
72
74
76
1
3
37
41
57
59
67
85
87
89
16396
16398
16414
16454
16387
16391
16405
16421
16451
22
34
48
54
70
76
3
21
41
43
59
89
16392
16398
16438
16454
16460
16385
16441
16469
24
38
57
89
16390
16430
16429
16451
14
16
22
30
32
50
56
68
72
76
1
3
21
37
41
59
87
89
16416
16436
16438
16454
16456
16385
16387
16403
16405
16421
16451
16469
12
14
30
38
52
54
72
1
3
21
25
37
41
51
67
89
16406
16412
16422
16438
16454
16387
16405
16421
16443
14
16
38
68
3
37
51
57
59
67
85
87
89
16438
16454
16387
16391
12
14
34
38
48
52
54
70
72
78
1
3
41
51
59
67
89
16396
16398
16422
16432
16436
16456
16385
16387
16421
16425
16435
16441
16443
16473
12
14
38
54
64
70
74
76
3
21
37
41
51
59
87
89
16396
16398
16400
16406
16418
16432
16436
16438
16452
16454
16456
16460
16385
16387
16421
16425
16443
16451
16469
16471
16473
12
14
22
38
52
54
70
72
76
1
3
5
19
21
37
41
59
67
85
89
16458
16462
16387
16409
16443
12
14
16
18
22
34
48
52
54
68
70
72
74
76
1
3
9
31
33
37
41
57
59
87
89
16396
16398
16402
16406
16418
16436
16438
16454
16458
16460
16385
16415
16417
16441
16471
16473
12
16
70
72
1
3
33
37
41
57
59
61
87
89
16396
16398
16432
16436
16438
16456
16460
16385
16387
16389
16421
16425
16427
16441
16443
16451
16469
16473
20
34
38
33
37
16396
16398
16400
16406
16416
16436
16438
16452
16456
16460
16403
16405
16421
16425
16443
16471
16473
38
37
41
51
57
63
16396
16406
16438
16460
16385
16387
16395
16421
16443
38
54
70
72
76
1
3
21
29
37
51
59
67
85
16418
16454
16456
16460
16387
16421
16425
16441
16443
16469
16471
6
12
48
54
70
72
76
1
21
51
89
16394
16396
16416
16436
16438
16456
16460
16387
16405
16421
16425
16443
16451
16469
6
14
52
54
68
70
72
76
3
9
37
41
59
87
16406
16414
16422
16430
16438
16460
16451
16469
42
72
3
37
41
51
16418
16432
16438
16393
16409
6
14
24
52
70
21
41
59
67
85
16396
16400
16418
16426
16432
16436
16438
16454
16387
16421
16443
16471
14
16
22
30
34
52
54
68
70
72
76
1
3
37
41
59
67
85
87
89
16414
16438
16403
16425
16451
12
14
32
38
48
52
54
70
72
76
1
3
37
41
51
59
67
85
89
16396
16398
16400
16406
16418
16432
16434
16436
16438
16452
16454
16456
16460
16385
16387
16421
16423
16425
16443
16451
16469
16471
16473
34
38
48
54
70
72
74
1
3
21
37
57
59
16470
16457
12
14
16
22
34
42
48
52
54
68
70
72
76
1
3
37
41
59
87
89
16396
16406
16414
16416
16418
16432
16436
16438
16454
16456
16387
16403
16405
16421
16425
16443
16451
16459
16469
12
14
22
48
52
54
70
72
76
1
3
5
37
41
57
59
67
85
89
16388
16456
16421
16449
16471
16
34
48
52
70
72
76
1
3
37
41
59
61
67
85
87
89
16408
16418
16452
16454
16458
16460
16415
16421
16443
16469
16
3
37
59
83
16396
16422
16438
16454
16456
16387
16421
16435
16441
16443
12
14
34
38
54
82
3
51
16396
16398
16400
16402
16408
16436
16438
16452
16454
16456
16458
16460
16387
16417
16421
16443
14
16
34
52
54
68
70
74
3
43
59
87
16396
16398
16400
16406
16418
16432
16434
16436
16438
16452
16454
16456
16460
16385
16387
16421
16423
16425
16443
16451
16467
16469
16471
16473
12
14
16
34
52
54
70
72
76
3
41
59
67
85
87
89
16392
16396
16398
16400
16418
16432
16438
16454
16456
16460
16385
16387
16421
16425
16443
16469
16471
16473
8
12
14
16
22
48
52
54
68
72
76
37
41
59
16412
16416
16454
16409
22
34
68
39
85
16396
16398
16406
16422
16436
16448
16454
16456
16460
16385
16387
16421
16435
16443
16469
16473
12
14
34
46
48
52
54
64
70
72
76
3
37
41
59
85
89
16414
16425
16435
16451
16453
32834
32791
49204
49183
49227
32780
32839
49192
32841
49152
32841
49188
49204
49206
32804
49229
32818
32838
32803
32857
49152
32768
49218
49187
32812
49204
49218
49175
32839
49236
32818
32785
49176
49238
49152
32783
49188
32775
32779
32791
49210
32804
49188
32770
49196
49218
49175
49183
32822
32826
32840
49167
32776
32781
49192
32786
32817
49165
32804
32809
49208
49215
32808
49166
49207
32816
32826
32844
32835
32853
49192
32841
49202
49238
32804
32820
32769
49229
32788
49176
49163
32780
32800
32804
32820
49210
49171
32845
49210
32820
32783
49169
49183
49164
49202
49187
32823
49154
32845
49154
49204
32800
32834
32827
49205
32803
49165
32826
49205
32856
32787
49187
49191
32823
49204
49208
32804
49154
32803
32807
32811
49202
49238
49187
32823
16398
16400
16402
16416
16420
16468
16405
16415
16419
16473
12
30
38
52
23
67
89
16398
16422
16436
16454
16466
16461
16473
14
36
52
86
5
41
89
16402
16405
16459
14
18
32
36
38
50
52
70
21
31
35
89
16398
16436
16452
16454
16395
16439
16459
16473
12
14
50
52
70
74
17
67
89
16396
16432
16436
16389
16407
16451
16473
14
18
36
52
56
70
67
89
16452
16439
16459
14
68
70
55
75
16398
16436
16470
16389
16473
12
14
36
50
52
70
41
65
89
16398
16402
16416
16436
16415
16419
16433
16463
16473
14
63
75
16398
16402
16440
16454
16425
16473
14
18
32
36
38
50
52
70
21
31
35
89
16396
16398
16436
16458
16401
16451
16473
70
86
85
16436
16442
16448
16466
16407
16473
10
14
52
56
70
65
73
89
16394
16396
16410
16436
16458
16393
12
26
30
52
23
67
89
16400
16448
16466
16405
14
18
36
52
56
70
67
89
16453
10
14
18
52
56
70
73
89
16438
16389
12
14
52
68
86
16398
16420
16434
16436
16456
16473
14
18
36
52
56
70
49
89
16396
16398
16436
16454
16458
16451
16453
16457
16473
52
11
27
16391
16445
52
64
82
23
25
61
89
16396
16398
16402
16420
16422
16434
16436
16454
16387
16473
12
58
72
85
16398
16420
16426
16436
16454
16393
16419
16473
14
52
68
70
86
35
89
16430
16434
16436
16405
16415
16473
2
1
61
89
16412
16436
16438
16458
16451
16473
14
18
52
70
1
21
35
41
89
16398
16402
16420
16436
16440
16454
16425
16473
2
12
14
52
70
82
17
79
89
16396
16398
16402
16434
16436
16444
16454
16419
16473
14
18
36
50
52
5
21
31
49
89
16396
16398
16420
16434
16436
16454
16385
16473
28
52
9
67
81
89
16396
16398
16434
16436
16452
16454
16419
16439
16473
14
18
32
36
38
52
70
21
31
35
41
49
89
16386
16436
16448
16466
16425
16445
16473
12
14
50
52
60
70
41
65
89
16390
16396
16398
16434
16436
16454
16407
16473
12
14
18
48
50
52
70
89
16398
16402
16434
16436
16454
16405
16457
16471
16473
32
52
70
80
35
89
16396
16436
16442
16456
16441
16473
2
82
7
25
57
89
16394
16396
16436
16389
16407
16451
16473
2
52
7
25
41
89
16398
16402
16420
16436
16454
16456
16419
16473
12
14
18
36
50
52
70
11
47
89
16396
16398
16402
16436
16454
16405
16419
16451
16473
8
12
14
50
52
70
23
41
89
16396
16432
16436
16442
16407
16473
2
44
64
82
89
16422
16436
16442
16409
16465
16473
12
14
18
50
52
70
3
35
89
16396
16398
16434
16436
16446
16454
16407
16425
16473
52
60
70
45
89
16410
16426
16462
16405
16425
10
12
52
54
74
61
67
89
16412
16466
16407
16451
32790
49205
32798
32781
49182
49165
32771
32819
49189
49227
32786
32842
32789
32825
32857
49171
32781
32785
49205
32842
32823
49170
49184
49220
49203
49239
32821
49174
49171
32780
32804
32836
32819
32855
49222
49238
49169
49173
49221
32782
32836
32819
49171
32856
49167
32781
49174
49227
32805
49186
32784
32842
32809
32827
49171
32820
32834
32842
32852
32817
32825
49155
49203
32798
32856
49202
49236
49238
49201
49225
32788
32836
32855
49240
32836
32771
32819
49165
49169
32856
49205
32821
49174
32784
32836
32835
32855
49240
32818
32852
32854
32785
32789
32837
49174
49171
32818
32838
32852
32854
32837
49216
49159
32790
49172
49220
49239
32856
49218
49236
49169
49185
32770
32786
32804
32842
32791
32823
32825
32841
49168
49204
49220
49222
49193
49239
32790
49165
32783
49205
49186
49183
32804
32852
32837
32781
32785
49166
49168
49220
49222
49239
32802
32799
49152
49236
49209
32821
49184
49207
49209
49239
32781
32785
49171
32802
49240
32781
49154
49170
49188
49204
49209
49225
49241
32768
32804
32820
32825
32827
32841
49218
49226
49236
49155
32834
32842
32852
32785
32825
16400
16402
16416
16418
16420
16444
16450
16452
16472
16399
16415
16455
16471
16
34
36
88
3
15
31
55
71
73
87
16394
16400
16412
16416
16418
16452
16399
16435
16455
16471
16
32
34
38
68
7
15
21
25
41
51
71
87
16396
16400
16418
16448
16452
16466
16399
16435
16447
16455
16471
12
16
32
34
64
68
82
15
23
51
71
87
16395
16411
16415
16425
16433
16471
12
16
18
34
36
66
68
88
15
21
31
41
49
51
71
87
16400
16402
16418
16452
16466
16472
16387
16399
16433
16455
4
16
18
34
36
68
88
15
71
77
87
16418
16452
16460
16466
16399
16407
16409
16455
16471
12
16
32
34
52
58
68
82
51
71
87
16396
16400
16402
16418
16420
16422
16452
16472
16399
16435
16455
16461
16471
6
16
34
36
42
66
68
88
15
49
71
87
16400
16416
16418
16452
16472
16387
16399
16405
16415
16433
16455
16471
4
16
18
34
36
66
68
88
15
21
31
49
51
71
87
16400
16402
16418
16420
16442
16450
16452
16472
16399
16405
16407
16415
16425
16455
16471
4
16
18
34
36
68
88
3
15
31
49
71
87
16388
16400
16402
16418
16420
16440
16450
16452
16472
16399
16415
16433
16435
16455
16471
16
18
34
36
42
66
68
88
15
31
51
71
87
16396
16400
16418
16438
16452
16399
16425
16435
16455
16471
52
21
61
63
16396
16400
16402
16418
16452
16472
16399
16433
16435
16455
16463
16471
4
16
18
34
36
66
68
88
15
21
31
49
51
71
87
16400
16402
16418
16420
16450
16452
16472
16399
16415
16433
16449
16467
16471
16
34
64
68
82
15
23
41
63
71
87
16384
16396
16400
16402
16418
16420
16452
16472
16399
16415
16433
16435
16455
16457
16471
4
18
32
34
88
3
15
23
71
87
16396
16418
16456
16399
16405
16425
16435
16455
4
16
34
36
54
68
88
15
49
71
87
16400
16422
16460
16389
16399
16405
16407
16425
16435
16471
16
18
32
34
36
66
68
88
3
15
31
49
71
87
16400
16402
16418
16420
16436
16452
16472
16387
16399
16407
16415
16433
16435
16455
16471
16
18
34
36
68
88
15
41
49
51
71
75
87
16384
16396
16400
16402
16418
16420
16452
16472
16399
16415
16433
16435
16439
16455
16471
34
54
68
1
15
21
51
71
87
16396
16400
16418
16452
16462
16399
16435
16455
16469
12
34
68
72
15
41
51
16396
16400
16402
16418
16420
16450
16452
16458
16399
16435
16455
16471
4
16
18
34
36
66
68
88
15
31
49
51
71
87
16400
16402
16416
16418
16420
16452
16472
16387
16399
16415
16433
16435
16441
16455
16471
16
26
34
68
78
15
21
51
71
87
16400
16418
16420
16452
16468
16472
16399
16411
16415
16433
16455
16471
12
16
18
34
36
68
88
15
49
51
71
77
87
16418
16420
16440
16450
16452
16472
16399
16415
16455
16471
16
18
34
36
58
66
68
88
15
21
23
31
49
71
87
16390
16400
16402
16418
16420
16450
16452
16472
16399
16405
16415
16455
16471
36
56
68
88
15
49
51
71
87
16388
16400
16402
16418
16420
16452
16472
16399
16415
16433
16435
16445
16455
16461
16471
18
34
36
56
68
88
15
41
51
71
87
16410
16418
16438
16452
16385
16399
16
18
72
88
15
21
71
87
16384
16388
16400
16402
16418
16420
16452
16472
16399
16433
16435
16439
16455
16471
16
18
34
36
46
62
68
88
15
49
71
87
16418
16420
16452
16472
16391
16399
16415
16427
16431
16433
16435
16455
16471
36
38
68
88
15
41
51
71
75
16396
16400
16402
16418
16420
16452
16464
16472
16399
16415
16433
16435
16455
16471
12
16
18
34
36
68
82
88
15
31
49
51
71
87
16400
16418
16420
16446
16452
16472
16399
16449
16455
16467
16471
10
26
63
16400
16402
16418
16420
16450
16452
16462
16472
16399
16415
16433
16435
16455
16471
12
68
72
15
41
51
71
16388
16400
16402
16418
16420
16450
16452
16472
16399
16415
16433
16435
16455
16471
16
18
34
36
64
68
82
88
15
51
63
71
87
16400
16420
16440
16452
16472
16399
16415
16471
16
34
68
72
1
15
21
51
71
87
16386
16396
16400
16418
16448
16452
16466
16399
16435
16441
16455
16471
4
16
36
66
68
88
15
31
51
59
87
16388
16400
16402
16418
16420
16452
16472
16387
16399
16435
16455
16471
0
16
18
34
36
66
68
88
15
31
49
55
71
73
87
16400
16416
16418
16452
16456
16391
16399
16425
16435
16455
16471
16
34
62
68
88
15
31
49
51
65
71
16400
16402
16418
16452
16472
16399
16415
16433
16449
16455
16465
16471
16
34
36
52
68
88
15
31
49
51
65
71
83
87
16396
16400
16430
16442
16452
16405
16407
16425
16435
16455
32837
49166
32838
49222
32837
49222
32773
32781
49157
49165
49229
32785
49165
49199
32803
49222
32781
32835
49166
32782
49166
32770
32781
32809
49166
32782
49154
49156
49170
49220
49226
49228
49173
49203
49207
49209
49223
49225
32773
32781
49166
32838
49169
32770
32781
32799
49187
32854
32838
49187
32838
49187
32832
32851
49222
32838
49172
32782
49221
32801
49156
49204
49226
49153
49193
49207
49209
49225
32782
49166
32808
49156
49170
49186
49188
49190
49204
49220
49226
49228
49167
49175
49203
49207
49209
49223
49225
49239
32785
49166
32837
49166
32837
49221
49189
32837
49187
32837
49154
49165
32838
32805
49222
32838
49222
32803
49185
49219
32805
49241
32803
49165
32805
49219
32770
32781
32817
49221
49169
32803
16400
16402
16420
16422
16436
16452
16458
16460
16425
16433
16435
16439
16441
16457
16471
16
18
32
34
36
38
52
58
68
74
23
41
49
51
57
87
16400
16418
16422
16468
16415
16425
16435
6
18
36
52
29
51
87
16388
16402
16416
16420
16458
16460
16407
16415
16439
16441
16457
16471
20
34
52
68
74
51
85
87
16396
16398
16402
16416
16420
16460
16415
16425
16441
16451
2
12
20
74
51
85
16404
16418
16436
16452
16458
16469
16471
16
18
34
38
52
68
84
23
41
49
51
55
57
73
87
16400
16418
16436
16438
16456
16458
16472
18
32
36
7
41
55
57
73
87
16386
16396
16428
16436
16452
16458
16433
16435
16471
2
54
72
74
16402
16418
16442
16452
16468
16415
16425
16435
16441
16471
14
18
32
36
70
31
41
55
57
73
87
89
16386
16396
16402
16420
16436
16452
16458
16462
16435
16441
16471
14
18
32
36
38
52
23
41
55
57
73
87
16402
16404
16420
16458
16460
16425
16435
16441
16471
18
32
34
36
38
52
68
74
76
1
41
51
57
87
16400
16402
16418
16436
16450
16452
16458
16407
16425
16433
16435
16441
16455
16471
0
16
18
36
38
52
68
5
41
51
55
57
73
87
16402
16408
16416
16420
16422
16458
16415
16435
16441
16471
12
14
18
32
36
74
76
41
57
16402
16416
16420
16422
16442
16452
16425
16433
16435
16439
16441
16471
4
12
18
36
41
85
87
89
16394
16400
16418
16422
16452
16458
16407
16433
16435
16441
16471
18
32
36
38
52
74
76
23
57
67
87
16404
16436
16458
16399
16469
16471
42
74
47
16400
16418
16436
16452
16458
16389
16433
16435
16455
16471
4
18
32
36
76
31
57
67
16400
16418
16436
16452
16458
16472
16389
16399
16433
16455
16471
12
18
36
74
17
85
16386
16396
16400
16436
16452
16458
16443
16471
16
18
32
38
68
74
76
1
23
31
57
87
16398
16402
16416
16420
16454
16458
16425
16439
16441
16457
16473
16
18
34
36
38
52
68
74
23
49
51
55
57
73
87
16400
16402
16418
16420
16422
16436
16452
16468
16407
16415
16433
16435
16441
16471
18
34
38
52
68
74
88
23
51
57
61
71
16388
16402
16416
16420
16430
16458
16460
16407
16425
16441
16471
18
32
36
38
52
68
74
41
57
67
87
16384
16386
16400
16418
16436
16452
16458
16389
16435
16461
12
20
74
51
67
85
87
16386
16396
16436
16452
16458
16429
16471
16
18
32
34
36
38
52
74
76
41
55
57
73
87
16400
16402
16418
16420
16436
16442
16450
16452
16458
16425
16433
16435
16439
16441
16457
16471
2
12
20
74
39
85
87
16400
16420
16422
16436
16452
16458
16389
16425
16435
16439
16441
16457
16471
0
12
52
59
67
87
16400
16402
16418
16420
16422
16450
16460
16472
16399
16407
16433
16441
16471
14
18
32
36
70
23
41
67
89
16386
16396
16400
16418
16452
16458
16443
2
12
18
36
74
89
16404
16418
16436
16452
16458
16472
16471
14
18
32
36
74
23
41
67
87
16400
16416
16418
16420
16422
16436
16452
16458
16407
16431
16435
16441
16471
12
18
36
74
23
61
85
87
16386
16396
16404
16458
16423
16469
18
32
36
76
41
55
57
73
83
16384
16452
16417
16469
0
2
12
74
59
16384
16396
16436
16452
16458
16443
16469
16471
2
12
16
18
36
38
52
68
74
21
49
51
57
87
16402
16404
16420
16458
16460
16407
16425
16435
16471
2
16
18
32
36
38
52
68
74
21
23
55
57
73
87
16386
16396
16404
16458
16423
16435
16469
16
18
34
36
38
52
58
66
68
74
23
41
49
51
57
71
87
16416
16420
16454
16415
16425
16439
16457
2
12
34
52
68
74
83
87
16388
16402
16404
16420
16458
16407
16425
16435
16471
16
32
36
38
52
68
74
21
43
57
87
16386
16396
16400
16402
16418
16420
16436
16452
16458
16405
16425
16433
16435
16441
16471
0
12
52
74
59
85
87
16400
16418
16420
16422
16436
16450
16452
16458
16472
16399
16433
16435
16441
16455
16471
32854
49173
49191
32789
32818
49165
32805
49202
32791
32807
49238
32843
49202
32781
32827
49202
32843
49238
49227
32854
49205
32778
32771
49210
49171
32843
49208
49173
32789
49205
32843
49238
32845
49238
32843
49227
32843
49202
32843
49238
49227
32854
32843
49165
32843
49240
49173
32805
32825
49202
49165
49227
32771
32827
49156
49210
49240
49173
49183
32818
32781
49155
49241
32781
49227
32843
49173
49229
32821
49238
32781
49165
49156
49155
32843
49211
32771
32827
49162
49178
49194
49173
32771
32789
32817
32823
49227
32787
32821
49227
32843
49227
32843
49227
32799
32845
49152
49156
49240
32818
32854
16390
16400
16452
16405
16435
16471
16
38
68
23
51
83
87
16414
16458
16441
6
24
61
79
16400
16404
16418
16452
16472
6
30
16436
16452
16423
16439
34
15
33
16396
16436
16423
12
40
87
16414
16455
12
36
57
89
16444
16462
16466
6
52
61
79
87
16444
16462
16391
16395
4
52
76
3
16396
16418
16423
12
59
65
16396
16400
16418
16452
16472
16389
16399
6
42
57
79
16384
16442
16405
16435
16457
16
60
68
78
7
87
16398
16416
16436
16452
16468
16471
52
68
39
41
87
16398
16416
16442
44
60
25
16386
16400
16416
16442
16458
16407
16471
2
12
16
32
23
87
16396
16424
12
32
87
16396
16414
16441
0
12
30
16400
16422
16446
16407
16435
32
52
68
55
57
87
89
16384
16440
16452
30
74
16400
16418
16444
16452
16443
32
68
21
51
67
87
16402
16405
16451
16469
30
36
16443
16455
16471
68
76
84
51
57
73
16396
16432
16436
10
16
68
61
79
87
16400
16418
16452
16460
16472
16399
16441
16455
42
68
76
45
16390
16445
16463
36
19
16400
16402
16418
16436
16452
16407
16415
16425
16433
16439
16455
16471
48
68
71
16396
16436
16452
16407
16415
16451
52
39
41
57
16400
16442
16452
16458
16429
16471
16
18
34
62
68
23
31
87
16436
16462
16391
16457
16
20
52
68
41
16396
16432
12
60
78
7
16396
16387
16405
16435
16
24
68
83
87
16406
16436
16452
16471
0
2
12
16
68
49
87
16396
16424
52
60
7
25
16384
16400
16402
16416
16422
16436
16452
16415
16435
16439
16471
12
14
32
52
67
87
16436
16452
16423
16425
16471
16
68
37
16400
16436
16452
16468
16409
16471
3
43
57
16442
16405
16451
32
48
52
87
16384
16396
16400
16418
16452
16472
16399
16471
16
36
58
68
74
27
16384
16396
16400
16452
16472
32838
32842
32827
49165
49205
32840
32844
49167
49201
49203
49237
32840
32781
49169
32784
32786
32804
32791
32825
32841
32853
49206
49153
32770
32772
32804
32799
32809
49166
49186
49228
32821
49224
49189
32854
49165
32822
32769
49188
49212
49240
49183
49207
32781
32853
49238
32804
32773
32791
32799
49158
49222
49211
32789
32809
32827
49170
49190
49214
49226
49193
49239
32782
32818
32838
32799
49221
32782
32838
32844
49154
49169
32804
32781
32789
49154
49169
32770
32772
49164
49168
49170
49186
49188
49190
49204
49175
49183
49201
49203
49209
49225
49239
32772
32802
32804
32856
32799
32817
32819
49224
49189
32784
32786
32802
32804
32836
32856
32791
32799
32817
32819
32825
32841
32855
49165
32770
32772
32786
32804
32809
49224
32770
32786
32804
32842
32791
32817
32823
49190
49202
49183
32787
32805
49208
32824
32821
49156
49188
49167
49183
49201
49203
32822
32840
32769
49170
49188
49226
49175
49207
49209
49213
49239
32804
32830
32834
32817
32833
49164
49170
49188
49240
49193
49201
49223
49225
32785
49224
49153
32770
32772
32786
32802
32804
32809
49233
49241
32807
32821
49202
32824
32769
49164
49170
49186
49188
49240
49183
49193
49203
49207
49223
49225
32786
32804
32820
32783
32799
32817
32819
32839
49206
49241
32838
32789
32809
49171
49189
32822
32805
32857
49238
49165
32772
32807
32819
49169
32808
49221
32807
49153
49189
32785
49227
32781
49205
32781
49170
49188
49165
32808
32807
49202
49222
32785
16400
16418
16436
16450
16452
16468
16397
16415
16433
16457
16471
4
16
18
32
34
36
52
66
68
84
13
31
49
51
87
16398
16434
16450
16454
16470
16395
16401
16407
16417
16439
0
14
50
70
17
33
35
47
16434
16444
16450
16387
16417
16439
16449
60
78
31
57
16444
16462
16395
16415
16439
16447
24
52
66
31
49
65
16402
16420
16430
16450
16468
16405
16415
2
84
88
16402
16422
16454
16401
16405
16415
16417
16425
16
34
52
66
68
84
13
49
71
87
16436
16446
16450
16468
16433
16463
2
18
36
21
31
41
47
49
16394
16438
16445
16457
50
70
74
84
17
33
35
61
16398
16434
16468
16401
16407
16409
16417
16457
58
66
84
13
23
39
57
16434
16442
16446
16401
16417
4
16
18
32
34
36
52
66
68
84
13
31
49
51
87
16426
16436
16450
16415
16433
14
50
70
17
23
33
35
47
16398
16434
16450
16389
16401
16417
16419
16439
60
66
78
80
11
41
65
16402
16418
16420
16450
16464
16468
16425
16
34
52
62
66
68
84
13
49
87
16426
16434
16450
16454
16401
16417
16439
74
84
23
25
77
16434
16411
16417
16427
16431
60
80
84
11
16404
16434
16450
16458
16468
16389
16403
16407
16421
16423
4
16
18
32
34
36
52
66
68
84
13
31
49
51
87
16448
16450
16466
16468
16461
16
18
32
34
36
52
66
68
84
13
31
41
49
51
87
16396
16402
16420
16434
16450
16468
16401
16417
10
49
61
79
16400
16402
16416
16418
16420
16436
16450
16452
16468
16397
16405
16415
16433
16435
16471
10
62
82
16400
16418
16436
16450
16452
16468
16397
16399
16415
16433
16471
0
50
52
33
49
73
16446
16450
16407
16429
60
66
3
23
65
83
16402
16422
16434
16454
16401
16405
16415
16417
16419
18
36
52
74
84
21
31
41
49
55
16398
16442
16450
16468
16387
16407
16423
50
58
66
74
84
17
33
16390
16434
16450
16417
16441
82
84
33
61
73
89
16402
16418
16420
16436
16450
16468
16415
16425
16433
16473
18
36
70
27
31
41
55
16384
16434
16436
16415
16417
16433
20
40
50
66
84
5
13
19
23
33
39
73
16448
16458
16466
16468
16445
14
18
36
50
70
17
21
31
33
41
16402
16420
16434
16454
16470
16401
16405
16415
16417
16425
42
66
3
55
65
83
16394
16468
16427
16445
16463
16
34
52
66
68
84
13
15
31
49
87
16402
16420
16434
16454
16470
16401
16405
16415
16417
16419
16425
24
36
52
66
31
49
16400
16402
16416
16418
16420
16436
16452
16468
16397
16405
16415
16425
16433
16435
16471
16
34
52
66
68
84
13
49
55
71
87
16388
16418
16420
16439
16
34
52
66
68
84
13
31
49
73
87
16386
16402
16420
16436
16468
16399
16405
16415
16425
14
30
66
84
5
13
19
35
39
53
16388
16400
16402
16416
16418
16420
16436
16450
16452
16468
16397
16415
16433
16435
16471
60
78
11
31
55
63
16398
16434
16472
16389
16419
16
34
52
68
84
13
31
49
87
16388
16400
16402
16416
16418
16420
16436
16452
16468
16397
16415
16433
16435
16471
34
52
66
84
23
39
49
16398
16414
16432
16434
16450
16468
16389
16403
16407
16419
16437
52
66
84
39
49
73
16386
16436
16450
16468
16399
16433
32780
32800
49219
32819
32780
32784
49164
49203
32806
32820
32834
32836
32842
32791
32817
32823
49219
32772
32856
32783
49184
49241
32816
32853
49164
49168
32782
32820
32834
32838
32852
32781
32791
32857
49219
32804
32781
32785
49167
32802
32821
49237
32783
49189
32840
32843
49218
49236
49165
49187
49193
49241
32788
32821
49167
32798
32809
32857
49172
32783
32821
49160
49206
32780
49166
49204
49218
49222
49157
49241
32791
32819
49172
49174
32788
32837
32857
49155
32782
32820
32834
32838
32773
32791
32857
49166
49157
49241
32837
32857
49152
49170
49236
49165
49175
49209
32853
49190
49240
49223
32822
32853
49219
49237
32800
32818
49200
49219
32783
32821
49170
49182
32798
32820
32857
49200
49204
32773
32819
49174
32780
32819
49156
32835
49153
49227
32783
49167
49237
32816
32783
32835
32853
49166
49204
49218
49220
49222
49236
49175
49241
32808
32843
32853
49184
49187
32804
32856
32771
32783
49184
49187
32782
32800
32806
32791
32857
49166
49190
49204
49220
49236
49175
32788
32816
32783
32821
49166
49168
49222
32786
32771
49200
49219
32783
32821
32839
49167
49205
32816
32820
49174
49192
32816
32783
16420
16424
16434
16401
16419
16423
16453
2
22
50
13
17
33
53
69
16402
16420
16422
16434
16444
16454
16470
16401
16425
2
20
22
40
50
17
35
39
53
67
69
16398
16416
16434
16446
16468
16401
16419
16441
16473
14
28
50
84
55
89
16402
16466
16391
16401
16413
16431
2
4
50
70
86
17
69
16398
16468
16393
16401
16419
16441
16453
16473
60
7
17
35
53
16414
16468
16401
16419
16433
16441
40
50
13
17
31
33
35
69
16384
16392
16434
16454
16401
16427
24
44
50
70
17
35
59
16406
16472
16397
16401
16439
4
36
50
17
31
35
69
16398
16416
16468
16401
16419
16457
16463
16473
6
46
50
70
84
17
35
59
16434
16458
16464
16470
16397
16401
16441
50
11
17
43
55
16398
16460
16470
16397
16401
2
20
22
40
50
13
17
33
35
39
53
69
16434
16462
16470
16395
16437
44
50
60
70
86
17
35
16454
16411
16449
50
74
13
17
31
33
35
69
16398
16402
16414
16416
16454
16405
16457
16473
76
13
17
35
65
16384
16434
16450
16391
16439
48
50
31
35
69
16434
16401
16415
16417
16419
16461
14
36
50
84
17
23
35
69
73
89
16448
16454
16466
16470
16401
16413
16419
16431
16457
36
50
74
80
13
17
57
16388
16398
16432
16434
16468
16401
16419
16473
14
50
84
17
35
61
69
73
79
89
16394
16424
16434
16401
16419
16441
16453
0
50
60
70
80
86
17
55
16406
16434
16454
16470
16401
16437
16443
4
50
84
17
35
57
69
77
16394
16410
16468
16401
16419
16445
16453
16463
18
50
52
62
70
84
17
21
35
57
16384
16450
16468
16401
16429
16473
40
50
84
17
35
57
61
69
16402
16420
16422
16434
16454
16401
16425
16433
16441
16443
4
36
50
17
35
69
73
16388
16396
16398
16434
16454
16468
16401
16419
16443
16473
60
70
86
7
11
17
53
16388
16434
16401
16437
16453
16457
6
42
50
84
17
35
57
16434
16446
16472
16397
16401
16417
16419
16453
14
18
30
66
70
84
17
35
89
16398
16450
16460
16468
16387
16401
16473
6
44
86
17
35
16398
16402
16420
16434
16454
16468
16401
16419
16425
16433
16473
50
88
13
17
33
35
67
69
16454
16470
16427
16431
16457
0
2
22
50
17
53
69
16386
16388
16434
16454
16401
16443
70
86
17
27
35
55
59
16386
16404
16406
16424
16434
16401
16419
16423
16437
16451
16453
18
36
38
50
66
70
84
86
17
41
89
16404
16434
16401
16415
16417
16419
16437
16453
38
60
66
70
86
55
16384
16412
16468
16401
16419
16439
16453
16457
20
40
17
31
35
53
69
16398
16410
16420
16434
16446
16468
16401
18
66
70
74
84
86
17
35
89
16434
16444
16454
16464
16470
16395
16401
2
22
50
13
17
33
53
69
16402
16454
16466
16468
16470
16401
16419
13
17
31
33
67
69
16428
16434
16454
16401
16419
16449
4
14
40
50
84
17
39
69
16398
16414
16416
16450
16468
16401
16473
32784
49224
49168
49168
32784
49230
49229
32784
49210
32784
49171
32784
32784
49182
49200
49159
32798
32801
32805
49186
32836
32855
49224
32784
49168
32784
49172
49182
49202
49169
49185
49187
49189
49191
32784
49168
32784
49191
32798
32826
32805
49168
32784
49186
32784
49164
32836
49168
32784
49168
32819
49206
49208
32784
49168
32784
49239
32832
32779
49189
49223
32784
49196
49216
49159
32784
49168
32802
49164
32784
49182
49189
49233
32802
49168
32822
32824
49172
49182
49200
49185
49189
49191
32856
32809
32831
49168
32784
49182
49200
49236
32790
32789
49168
49168
32784
49168
32784
49168
32784
32784
49168
49186
32824
32769
16402
16420
16450
16454
16470
16397
16433
16443
16473
54
84
67
69
73
79
16450
16464
16468
16470
16437
16473
0
50
70
86
59
75
16388
16401
16423
16453
16463
2
64
70
82
13
45
16391
16409
16457
16463
50
60
78
80
86
55
16402
16420
16397
16425
16433
16439
16443
18
36
52
13
21
31
41
16398
16404
16414
16424
16432
16434
16450
16470
16401
16403
16419
16421
16423
16437
18
36
38
70
84
5
13
49
89
16386
16402
16420
16397
16399
16433
50
86
9
29
16392
16404
16414
16432
16434
16403
16421
16437
54
67
69
73
77
16398
16414
16424
16434
16468
16437
16453
16457
16473
18
36
38
60
13
59
16402
16420
16436
16397
16405
16415
16425
50
60
66
70
86
11
59
16416
16454
16470
16389
16419
20
40
48
50
80
86
17
19
33
35
37
39
53
69
16398
16404
16414
16424
16432
16434
16468
16470
16401
16403
16419
16421
16423
16437
20
28
30
40
48
50
17
19
35
37
39
53
69
73
16414
16424
16434
16462
16470
16419
16423
16437
14
20
30
40
48
50
86
17
19
35
37
39
53
16424
16432
16434
16444
16470
16419
16421
16423
16437
16439
4
58
17
33
35
39
69
16402
16420
16397
16405
16451
16453
16457
84
67
69
73
87
16440
16439
16461
10
62
84
67
69
73
79
16442
16401
16417
16419
16423
16453
16457
40
84
35
57
89
16394
16442
16446
16468
16453
16457
22
30
70
84
53
59
89
16430
16434
16446
16464
16449
16467
6
18
36
42
13
59
16386
16454
16470
16397
16399
72
17
55
16412
16434
16449
16451
16453
16457
18
36
5
13
21
69
77
16394
16468
16391
16453
16463
20
30
40
48
50
86
17
19
33
35
37
39
53
69
16386
16402
16420
16454
16470
16397
16443
74
86
1
53
69
16414
16424
16434
16437
16451
16453
16457
22
30
50
60
86
55
16402
16420
16454
16470
16397
16405
16425
16443
18
36
50
60
13
21
59
16404
16424
16432
16434
16446
16401
16403
16417
16419
16421
16423
16437
16453
18
36
13
21
67
69
73
16402
16406
16420
16397
16405
16433
20
40
48
50
58
17
19
33
35
37
39
53
69
16404
16414
16424
16432
16434
16470
16401
16403
16417
16419
16421
16423
16437
16453
50
70
86
11
63
89
16468
16451
16453
16457
16471
2
18
36
82
13
79
16448
16466
16457
16463
16473
18
36
52
13
17
49
59
16388
16404
16414
16424
16432
16434
16401
16403
16419
16421
16423
16437
16453
30
84
35
57
77
89
16434
16444
16454
16456
16462
16470
16439
30
40
61
69
73
79
16390
16414
16466
16437
50
60
80
65
69
83
16402
16406
16420
16458
16397
16405
16433
40
48
80
19
35
37
39
69
16384
16406
16414
16454
16437
16473
22
30
32
70
84
35
59
89
16398
16404
16424
16432
16434
16468
16401
16403
16419
16421
16423
16437
16461
16473
18
36
70
86
13
21
41
59
16454
16466
16470
16413
16473
18
36
13
15
41
49
16406
16414
16416
16454
16468
16437
16443
16473
32780
32819
49218
49185
32780
49164
49190
49183
32784
32784
49220
32784
32836
49203
32780
49164
49201
32819
49239
32819
49164
32812
32781
32801
32811
49237
32780
32819
49168
32836
49168
49223
32788
32816
32852
32773
32781
49164
49168
32780
49174
49183
49205
32819
49168
32802
32805
49164
49204
32780
32784
49157
49189
32819
49175
32816
32785
32801
32807
32827
49204
32822
32840
49203
49223
32819
32853
49210
49218
49169
32780
32853
49152
49166
49202
49236
49169
49207
49209
49225
32856
32821
32845
49206
49224
32780
49240
49175
32784
32787
49164
32844
32773
32777
32791
49172
49188
32784
32819
49164
32784
49237
32856
32791
49186
32819
49168
49239
32836
32839
49236
49157
49191
32784
32839
49168
32788
32773
32791
49224
49239
32788
32802
49168
32819
32853
49166
49183
49201
32818
32834
32785
32803
32809
32825
49224
32836
49239
32780
32819
49168
49237
32802
32816
16404
16450
16454
16468
16470
16401
16403
16443
16473
14
20
66
84
13
17
23
33
89
16428
16448
16466
16389
16401
30
48
70
86
17
55
73
16428
16448
16466
16391
16401
16441
20
30
48
50
70
74
17
39
55
16404
16420
16450
16468
16397
16401
16417
16473
2
30
11
39
47
16404
16406
16414
16432
16434
16470
16401
16403
16419
16421
16423
16437
16453
16457
14
20
30
48
50
70
84
86
17
35
39
59
89
16404
16414
16432
16472
16397
16401
16403
16417
16423
16437
16439
16453
16457
20
28
50
84
17
57
69
73
75
16404
16430
16434
16468
16401
16423
16441
16453
16459
6
30
56
74
86
19
55
16390
16404
16434
16470
16401
16423
16439
16449
16467
20
30
50
70
17
33
39
41
16408
16391
16453
16457
20
66
84
13
17
23
69
73
89
16404
16414
16432
16434
16401
16417
16423
16425
14
30
32
40
48
50
70
84
17
19
35
37
39
59
69
16404
16414
16401
16403
16421
16437
16451
16453
16457
0
20
56
74
86
55
16404
16470
16413
16423
16427
16431
20
84
13
17
23
33
57
73
79
16448
16466
16470
16391
16401
16403
16453
2
64
82
47
16404
16389
16397
16401
16407
16417
16437
16453
16457
20
30
48
50
70
17
39
41
16390
16404
16440
16458
16470
16401
16439
20
28
46
50
84
3
17
16386
16434
16470
16395
16401
16423
16431
30
15
19
33
35
55
69
16404
16434
16454
16389
16397
16401
16407
16417
16423
2
20
30
48
50
86
17
19
35
37
39
53
55
69
16404
16468
16389
16397
16401
16407
16417
16457
16473
6
20
74
86
17
19
55
65
16404
16446
16468
16401
16417
16441
16453
16457
16459
14
20
36
66
84
13
17
23
33
89
16404
16408
16401
16441
16453
16457
30
40
48
56
86
17
19
39
53
55
69
16404
16460
16397
16401
16417
16423
16453
16457
20
46
48
84
17
57
69
75
16386
16404
16470
16401
16413
16427
16431
20
58
33
53
55
16398
16448
16454
16391
16401
6
20
86
17
19
35
39
65
83
16390
16434
16454
16401
16423
16429
16449
16467
6
20
86
17
45
55
65
83
16404
16450
16454
16458
16468
16470
16401
16439
16473
24
30
48
50
17
19
35
39
77
16404
16468
16401
16441
16453
16459
16463
16473
20
62
64
70
84
7
17
16398
16404
16468
16401
16423
16439
16443
16461
20
60
70
13
17
69
73
16448
16391
16441
14
20
30
48
50
70
84
86
17
35
39
59
89
16404
16414
16454
16401
16409
16423
16439
20
30
48
50
13
17
33
35
37
39
57
16398
16404
16420
16397
16401
16407
16417
16437
16453
6
20
17
35
39
45
65
83
16404
16468
16389
16401
16441
16453
16457
16473
14
20
36
66
13
89
16404
16448
16466
16397
16401
16407
16417
20
62
84
17
57
69
73
75
16394
16404
16430
16454
16401
2
7
47
16404
16410
16414
16432
16401
16403
16419
16423
16437
16451
16453
16457
10
30
48
50
17
39
65
69
73
83
16404
16414
16432
16434
16468
16470
16401
16421
16423
16453
16459
56
74
86
43
55
16394
16412
16414
16430
16434
16401
16421
16423
20
40
76
17
33
53
69
73
16398
16414
16416
16424
16432
16434
16454
16470
16401
16423
16437
16443
16453
30
48
50
74
86
17
19
39
55
63
16404
16424
16397
16401
16407
16415
16417
16437
16453
32784
49224
32834
32852
32856
49168
32798
32808
32834
32807
32825
49218
49236
49223
32784
49174
49183
32784
49168
32784
49168
32782
32788
32808
32816
32818
32785
32787
32801
32803
32807
32821
32857
49168
32784
49168
32784
32789
49192
49220
32808
32836
49164
49239
32784
49166
49192
49200
49202
49210
49236
49185
49173
32784
49168
32784
49168
32836
49156
49206
32784
49170
49174
32808
32775
49168
32790
32822
49168
32784
49220
32772
32839
49174
49208
32806
49220
32789
49190
32784
49154
49156
49206
32790
32822
32824
49173
32784
49190
49173
32784
49168
32789
49168
32790
32799
49174
49206
32824
32849
49168
32790
32824
32835
49224
49168
49183
32836
49223
49239
32772
32836
49183
32784
49173
32808
32836
49168
32784
16414
16424
16428
16430
16432
16468
16401
24
30
48
17
39
16406
16414
16432
16468
16393
16421
16423
22
36
13
33
16450
16452
16468
16470
16401
16455
36
54
66
88
5
13
33
71
16432
16450
16470
16399
16401
16423
16459
18
36
66
84
88
5
13
15
33
71
16420
16450
16468
16397
16419
16455
34
50
66
88
39
77
16404
16406
16414
16418
16432
16389
30
66
43
65
71
83
16384
16414
16424
16432
16468
16401
16437
16455
16457
20
32
48
17
19
16414
16450
16456
16389
16397
16417
16455
20
30
34
69
77
81
16414
16450
16472
16389
16397
16447
18
36
66
84
88
5
13
15
33
71
16404
16416
16424
16432
16401
16403
16421
20
30
34
48
39
69
77
16404
16416
16432
14
22
30
34
48
16404
16414
16426
16450
16472
16461
20
30
34
40
48
50
17
37
39
16402
16420
16450
16472
16385
20
30
34
40
48
50
17
37
39
16406
16414
16418
16470
16389
16397
16423
66
72
86
39
55
75
16404
16414
16424
16432
16450
16470
16472
16459
22
36
66
33
71
16402
16414
16450
16468
16472
16389
16397
16417
16455
66
68
86
55
71
75
16450
16452
16456
16470
16472
16455
22
34
5
39
16424
16432
16440
16442
16450
16472
16401
16437
16455
20
30
40
48
84
88
17
69
73
16414
16424
16432
16450
16411
16437
16455
0
22
30
40
48
84
17
53
73
16414
16432
16450
16456
16470
16472
66
86
29
65
75
16414
16450
16452
16470
16455
16459
66
72
88
27
16432
16450
16456
16470
16423
16459
30
40
54
56
84
53
16386
16424
16432
16442
16450
16472
16399
16401
16437
16455
54
56
66
84
88
15
71
16384
16406
16414
16470
16423
30
40
48
58
66
84
88
17
53
71
16408
16424
16432
16450
16472
16455
30
66
72
33
71
75
16424
16432
16450
16470
16399
16401
16437
16455
16459
22
30
66
86
13
71
16450
16456
16470
16399
16455
16459
40
48
66
84
9
17
71
16440
16468
16472
16401
16455
16457
30
42
66
86
71
75
16406
16414
16418
16432
16470
16389
2
40
48
56
17
16408
16450
16470
16455
16459
20
30
34
48
19
37
16410
16450
16468
16409
16455
28
48
60
66
84
88
17
16418
16472
16423
16455
30
66
84
5
13
39
71
16414
16416
16424
16432
16397
16401
40
48
84
17
25
69
16402
16414
16468
16472
16417
16455
16461
20
30
54
56
84
5
13
16404
16414
16418
16424
16432
16401
16421
16423
54
66
84
88
69
71
73
16406
16414
16450
16456
16472
16389
20
22
30
34
40
48
37
39
16438
16440
16468
16470
30
66
68
86
71
75
16404
16414
16418
16438
16468
32842
32823
32825
49220
49171
32791
32857
49183
49209
32838
32803
49222
32803
32853
49172
49167
49171
49185
49189
49195
32855
49175
49241
32818
32781
32803
32805
32807
49183
32826
32853
49164
49193
32838
49172
49182
49218
49171
49175
49185
49189
32784
32805
49168
32791
49187
49219
49237
32783
32853
49168
49183
32774
32783
32805
49175
49189
32808
32781
32803
32805
49172
49202
49187
49189
32835
49193
49207
32818
32785
32803
32805
32845
49240
49185
49207
49215
49225
32781
32787
32801
32807
49201
32842
32823
32825
49186
49167
49203
32787
32801
32853
49175
49185
49209
32800
32817
49183
32823
32825
32841
49164
32835
49222
32806
32787
32809
49200
49209
49225
32772
32853
49219
32788
32816
32836
32856
32787
32801
32805
32807
32839
49172
49202
49171
49187
32838
32803
49209
49225
32788
32798
32816
32836
32856
32783
32787
32801
32805
32807
32839
49168
49183
32835
49219
32834
32838
32857
49164
32799
49156
32835
49168
49183
32791
32825
49154
49202
49187
32803
32853
49168
49183
32784
32826
49219
49237
32803
32835
49168
32836
32787
32855
49219
49237
32791
32823
32857
49222
32808
32818
32785
32803
32805
32807
32845
16404
16432
16438
16468
16391
16417
16421
16423
16471
22
40
33
35
37
39
53
59
65
16394
16450
16469
14
26
3
33
37
39
65
83
16404
16424
16432
16397
16401
16403
16417
16419
16423
16437
16443
30
40
48
13
19
37
53
87
16404
16468
16417
16421
16423
16451
16455
16471
4
20
82
33
39
53
73
16440
16468
16403
16417
16421
16423
16451
24
66
19
33
53
85
16404
16406
16414
16424
16432
16403
16417
16419
16421
16423
16437
16443
20
48
66
19
33
37
39
53
85
16424
16448
16466
16419
16461
48
11
17
19
37
87
16387
16419
16423
16447
6
40
19
85
16404
16432
16450
16452
16469
20
56
33
35
37
39
16390
16432
16452
16421
16437
20
40
48
68
17
19
33
39
53
16406
16424
16432
16419
16421
16423
16437
16457
16471
20
48
50
68
17
33
37
39
53
73
16432
16440
16446
16391
16397
16403
20
40
46
64
82
33
37
55
16452
16439
16455
16469
30
48
62
53
77
87
16404
16406
16414
16424
16432
16417
16419
16421
16423
16437
16443
16457
20
30
40
48
17
19
33
37
39
53
89
16404
16432
16466
16395
16403
16409
16437
16461
46
48
29
33
37
53
59
73
16386
16414
16432
16452
16399
16401
16403
16437
16455
20
30
48
13
17
19
33
37
39
67
87
16424
16432
16397
16399
16411
16419
20
46
48
19
29
33
37
39
53
73
16404
16432
16434
16440
16403
16417
16423
16437
16455
20
40
48
66
86
33
37
39
53
85
16404
16406
16432
16440
16397
16419
16421
16423
16437
50
66
1
33
37
39
71
16432
16434
16385
16417
16421
16423
16449
16471
48
66
19
33
39
53
71
85
16404
16432
16450
16401
16403
16417
16421
16423
16429
16437
16459
20
40
48
68
13
19
33
39
53
16404
16432
16434
16472
16403
16417
16421
16423
16437
16455
16461
20
40
48
66
19
33
63
85
16386
16404
16414
16432
16434
16399
16403
16407
16417
16423
16455
88
35
37
59
71
16404
16410
16432
16385
16417
16421
16423
16449
16471
20
30
48
56
7
19
33
37
39
67
16404
16432
16434
16472
16389
16397
16417
16419
16421
16423
16455
40
66
13
15
33
37
16404
16432
16434
16452
16401
16403
16417
16421
16423
16455
16457
22
48
88
5
13
35
37
71
87
16404
16410
16432
16417
16421
16423
16449
16467
16471
26
84
33
37
87
16404
16414
16424
16450
16417
16437
16469
20
50
68
1
15
33
53
16414
16432
16448
16466
16391
16409
16417
16461
40
48
66
86
39
53
85
16414
16432
16450
16452
16403
16417
16437
16469
40
64
15
27
16404
16432
16438
16421
16423
16429
16449
16471
22
40
48
66
35
37
53
59
16404
16432
16434
16440
16403
16417
16423
16437
16455
48
62
37
39
53
73
77
87
16404
16424
16432
16434
16452
16403
16417
16423
16437
2
66
68
1
37
16446
16466
16391
16403
16461
2
48
68
15
17
19
71
16404
16432
16434
16472
16389
16397
16417
16419
16421
16423
16437
16455
20
48
50
64
82
19
33
39
53
71
16404
16428
16434
16448
16409
8
22
48
35
37
87
16404
16410
16432
16417
16421
16423
16449
16467
16471
20
34
48
50
17
19
23
33
39
53
71
16398
16404
16432
16468
16403
16417
16421
16423
16451
16471
32817
49201
32784
32838
49204
32818
32838
32773
49168
49186
32786
32804
49182
49238
49240
49221
32854
32815
32837
49172
49186
49192
49224
49240
49227
32788
32790
32798
32808
32816
32854
32856
32785
32801
32805
32821
49204
32806
32817
49201
32854
32815
32837
49188
32817
49222
49229
32785
32791
32837
49184
49188
32804
49238
49219
32790
32854
32835
49238
49219
32838
32845
49222
49207
32800
49238
49221
32820
49184
32800
49201
32817
49169
49175
49187
32782
32854
49201
32826
32838
49166
49232
49238
49229
32798
32808
32840
32856
32839
32843
49224
49221
32838
49188
32788
32808
32834
32852
32854
32821
32839
49184
32784
49188
49236
32830
32825
49184
32803
32857
49201
32802
32840
32856
49206
49238
32788
32798
32808
32816
32826
32785
32803
32821
32837
49188
32784
32802
49182
49186
49224
49240
49227
32817
49166
49238
32852
32791
32837
49222
32819
49184
32792
32818
32838
49174
49186
32800
32780
32840
49182
49238
49187
49221
32786
32819
49173
32819
49182
49192
49200
49202
49236
49238
49191
32804
49170
49203
32804
16400
16410
16424
16440
16456
16399
16429
16459
64
82
15
49
67
81
16388
16400
16440
16444
16449
16455
16467
4
16
58
72
15
31
16400
16414
16418
16424
16438
16440
16444
16456
16403
16435
16437
16449
16451
16453
16455
16459
16467
16469
22
15
49
71
75
16400
16412
16440
16442
16456
16472
16409
2
16
40
54
56
72
15
49
51
53
69
71
75
85
16400
16404
16406
16418
16438
16456
16472
16399
16403
16417
16421
16435
16437
16451
16453
16455
16459
16469
2
16
54
56
64
72
82
88
69
71
75
85
16386
16445
16453
16455
22
76
88
85
16396
16400
16406
16424
16438
16440
16456
16399
16451
16453
16455
16459
16469
16
20
30
34
38
40
54
56
88
13
19
33
37
49
51
53
67
69
71
75
85
16402
16438
16423
16459
16
34
38
65
69
16388
16400
16402
16456
16472
16399
16415
16453
16455
16459
16469
4
36
1
15
49
16418
16422
16424
16438
16440
16456
16399
16421
16433
16435
16437
16451
16453
16455
16459
16469
16
40
54
56
72
11
29
51
53
69
71
85
16396
16400
16472
16463
16469
16
20
30
34
38
40
56
72
88
19
33
37
49
51
67
69
71
16388
16451
16471
6
16
56
11
45
71
85
16388
16408
16440
16442
16385
16399
16437
16451
16453
16455
16469
22
34
64
82
61
69
16394
16396
16412
16451
12
16
22
56
3
15
69
71
75
16400
16404
16406
16418
16422
16438
16440
16456
16472
16399
16403
16417
16421
16435
16437
16451
16453
16455
16459
16469
16
54
58
1
29
65
67
69
75
83
16420
16438
16472
16415
16433
16437
16453
16455
16459
16469
2
56
15
49
51
53
69
71
75
85
16400
16442
16456
16472
16385
16399
16415
16469
32
34
16444
16456
16464
16433
16435
16453
16459
6
16
86
53
16400
16406
16438
16440
16399
16433
16437
16469
16
60
86
65
83
16394
16400
16404
16422
16442
16435
16451
12
16
72
25
43
67
71
85
16388
16400
16416
16472
16385
16399
16453
16455
54
80
15
49
71
75
77
16400
16422
16424
16440
16456
16466
16399
16435
16459
16465
16469
12
16400
16406
16422
16438
16399
16403
16421
16433
16435
16437
16451
16453
16455
16459
16469
12
16
22
54
72
86
15
85
16456
16415
16437
16
34
44
54
72
88
7
15
25
67
69
71
85
16388
16394
16400
16430
16438
16442
16385
16391
16453
16455
16459
16469
38
54
88
15
37
49
16386
16388
16400
16438
16440
16442
16456
16472
16451
16459
10
16
20
34
54
56
88
7
15
25
67
69
71
75
85
16396
16400
16438
16456
16399
16449
16453
16455
16459
16467
16469
12
16
54
56
72
86
15
67
69
71
75
85
16400
16406
16440
16460
16399
16437
16469
16
22
54
72
15
69
71
16388
16400
16438
16440
16448
16456
16466
16472
16385
16399
16453
16455
16459
16469
16
40
44
54
56
72
7
43
49
51
67
69
75
85
16388
16390
12
16
22
54
56
72
86
15
69
71
75
85
16396
16400
16406
16424
16438
16440
16456
16399
16435
16437
16453
16455
16459
16469
16
28
40
54
56
64
72
82
15
49
51
53
67
69
71
75
81
85
16386
16400
16404
16418
16424
16438
16440
16456
16472
16399
16403
16417
16421
16451
16453
16455
16459
16469
20
72
88
1
31
69
16386
16442
16472
16455
16459
16469
4
16
36
54
56
58
88
1
15
49
67
69
75
85
16396
16400
16424
16438
16440
16456
16399
16403
16451
16453
16455
16459
16469
12
16
54
3
15
75
16396
16400
16414
16424
16438
16440
16456
16470
16399
16403
16421
16451
16453
16455
16459
16469
4
18
54
56
15
71
85
16388
16400
16428
16440
16451
16459
16469
16471
12
16
40
54
56
72
86
15
51
53
69
71
75
85
16400
16404
16418
16422
16424
16438
16440
16456
16472
16399
16403
16433
16435
16437
16451
16455
16459
22
38
88
67
16400
16404
16414
16418
16422
16424
16438
16440
16456
16399
16403
16417
16421
16433
16437
16455
16459
16469
49168
49172
49182
49186
49192
49206
49208
49210
49224
49238
49240
49155
49165
49167
49171
49185
49191
49201
49205
49217
49219
49221
49223
49227
49237
32782
49169
32838
49220
32836
32836
32771
49182
49224
49165
32836
49160
49224
49238
49165
49171
49191
49205
49219
32809
49165
49241
32788
32798
32802
32808
32826
32854
32856
32771
32781
32793
32801
32807
32819
32839
32843
49168
49172
49182
49186
49192
49206
49208
49210
49224
49238
49240
49155
49165
49167
49171
49185
49191
49203
49205
49217
49219
49221
49223
49227
49237
32773
32781
49236
32836
49182
49208
49155
49165
49203
49233
32784
32788
32798
32802
32808
32822
32824
32826
32840
32844
32854
32856
32771
32781
32783
32787
32791
32801
32805
32807
32817
32819
32821
32835
32837
32839
32843
32853
49172
49182
49186
49192
49206
49208
49238
49240
49165
49171
49179
49185
49191
49201
49203
49205
49219
49221
49223
49227
49237
32825
49220
32841
49169
32784
32788
32798
32802
32808
32822
32824
32826
32840
32854
32856
32771
32781
32783
32787
32801
32807
32815
32817
32819
32821
32835
32837
32839
32843
32853
49169
32785
49166
32823
49169
32836
49169
49220
32825
49169
32788
32798
32802
32808
32824
32840
32854
32771
32777
32781
32787
32801
32807
32817
32821
32835
32837
32843
32853
49169
32802
32771
32781
32791
32829
32839
32843
49165
49187
32836
49236
32836
49157
49165
32768
32784
32788
32798
32802
32808
32822
32824
32840
32854
32856
32771
32781
32783
32787
32801
32807
32817
32819
32821
32835
32837
32839
32843
32845
32853
49156
49168
49172
49182
49186
49192
49206
49208
49210
49224
49228
49238
49240
49153
49155
49165
49167
49171
49175
49185
49189
49191
49201
49203
49205
49219
49221
49223
49227
49237
32785
49157
49187
32825
49225
32852
49157
49165
49215
32773
32807
49166
49187
32842
49172
49182
49238
49165
49171
49189
49191
49213
49221
32842
49166
49187
32784
32788
32798
32802
32808
32822
32824
32826
32840
32854
32856
32771
32781
32783
32787
32801
32807
32817
32819
32821
32835
32837
32839
32843
32847
32853
49220
32836
49165
32785
49155
49157
49165
49229
49226
32772
32784
32788
32798
32802
32808
32822
32824
32826
32840
32844
32854
32856
32769
32771
32781
32783
32787
32791
32801
32805
32807
32817
32819
32821
32835
32837
32839
32843
32853
49202
49165
49171
49194
49238
49155
49157
49165
49229
32785
49220
32836
16437
12
14
16
18
32
34
52
56
66
68
70
72
1
3
21
23
31
41
49
51
75
89
16394
16400
16438
16468
16473
16
70
5
19
75
89
16400
16440
16450
16454
16456
16470
16459
16463
16469
16473
16
22
56
70
19
35
37
53
75
16384
16400
16438
16456
16397
16461
16473
16
46
56
64
68
70
72
82
75
77
81
89
16398
16400
16416
16422
16440
16450
16454
16456
16466
16415
16435
16459
16465
16473
16
50
54
84
37
75
16403
16421
16437
26
56
60
70
9
65
75
83
89
16400
16406
16397
16421
22
40
70
19
35
37
75
16410
16452
16456
16459
16461
16465
16473
14
32
54
84
31
75
81
89
16398
16400
16402
16416
16418
16438
16440
16450
16452
16454
16456
16387
16405
16415
16423
16435
16459
16461
16473
16
60
70
72
37
65
75
83
89
16396
16398
16400
16402
16416
16420
16440
16450
16452
16454
16456
16468
16385
16387
16405
16415
16433
16459
16473
7
89
16448
16466
16411
16473
14
16
22
56
64
79
16400
16408
16410
16426
16440
16454
16459
0
16
66
70
72
13
19
37
75
16400
16468
16403
16459
16
40
7
35
37
75
89
16406
16415
16459
16473
16
24
56
66
68
70
72
86
55
59
75
89
16398
16400
16402
16416
16418
16420
16436
16440
16450
16452
16454
16456
16405
16415
16425
16433
16435
16459
16461
16465
16473
14
16
18
32
34
36
52
54
56
66
68
70
72
3
21
23
31
41
49
51
75
77
81
89
16418
16438
16440
16452
16454
16462
16468
16415
16461
16473
16
22
70
19
75
89
16400
16404
16414
16454
16456
16397
16403
16421
16459
16473
14
16
56
70
72
86
29
45
65
75
83
89
16390
16400
16450
16452
16454
16456
16449
16459
16467
16473
14
16
18
32
34
52
56
66
68
70
72
3
21
31
39
41
49
75
81
89
16400
16408
16410
16416
16454
16456
16470
16413
16459
16
64
19
75
16400
16436
16444
16446
16450
16454
16456
16468
16449
16
56
82
3
16400
16434
16454
16468
16403
16421
16459
16
40
50
72
37
89
16400
16424
16440
16454
16456
16459
16473
16
56
66
68
70
72
86
55
59
63
75
85
89
16400
16406
16454
16403
16419
16421
16473
16
22
40
50
56
70
19
37
75
89
16424
16440
16454
16389
16415
16419
16459
16473
0
16
56
70
13
37
75
89
16400
16468
16421
16459
28
32
46
75
16406
16419
16421
16453
16459
16
20
30
66
72
37
89
16416
16428
16448
16454
16461
16
34
52
56
66
68
72
86
55
59
63
75
81
89
16400
16415
16419
16421
16473
28
25
89
16398
16400
16402
16416
16418
16420
16436
16440
16450
16452
16454
16456
16470
16405
16407
16415
16425
16433
16435
16443
16447
16459
16473
16
56
60
70
72
86
65
75
83
89
16434
16437
0
2
70
37
75
16384
16450
16403
16473
16
56
70
72
86
41
55
59
63
75
83
85
89
16398
16400
16402
16416
16418
16436
16440
16450
16452
16454
16456
16470
16405
16407
16415
16425
16435
16443
16459
16473
16
34
56
66
68
72
86
23
41
63
75
81
89
16400
16438
16462
16421
16459
16
40
70
72
89
16398
16400
16416
16440
16450
16454
16456
16470
16413
16429
16431
16459
16473
16
40
70
35
37
75
89
16394
16454
16456
16393
16459
14
16
52
56
66
68
70
72
59
75
77
89
16412
16450
16456
16468
16405
16411
16425
16459
16465
16
52
56
64
66
68
70
72
82
61
75
77
89
16396
16398
16400
16402
16416
16418
16420
16436
16440
16450
16452
16456
16385
16387
16405
16407
16415
16425
16433
16435
16459
16473
34
70
72
13
23
41
77
16456
16395
16421
32844
32855
49204
49213
49239
32802
32822
32840
32844
32769
32805
32807
49166
49209
32839
49169
32856
49240
32856
32801
49209
32785
49240
32785
49240
32785
49225
32842
49223
32785
32856
49169
32798
32835
49170
49202
49157
32820
32781
32787
32799
32801
49223
32820
32822
32844
32809
49211
49239
32825
49209
49228
49239
32785
32803
49169
32804
32818
32803
49156
49208
49183
49191
32791
32841
49223
32776
49225
32823
32825
49166
49168
49204
49222
49236
49157
49239
49241
32842
32798
49200
49169
32780
32835
49226
32839
49226
32786
32818
32803
49164
49219
32785
49169
32844
32809
32855
49166
49200
32772
32788
32820
32822
32769
32801
32805
32827
49175
49183
32803
32845
49204
49206
49228
49211
32785
49169
32844
32855
49226
32816
32818
32820
32822
32769
32827
32853
49223
32801
32825
49168
49190
49204
49220
49183
49239
32835
32853
49209
32822
32769
32801
32807
32843
49154
49188
32841
49223
32804
32818
32838
32803
16414
16422
16432
16438
16456
16470
16401
16435
16451
16453
16455
16459
16469
10
30
38
40
48
72
86
88
7
51
67
69
75
16414
16422
16424
16432
16438
16440
16442
16456
16470
16435
16437
16451
16453
16455
16459
16469
12
30
38
48
56
64
72
86
1
17
19
37
51
67
69
83
85
16406
16416
16422
16424
16432
16438
16440
16456
16470
16472
16401
16403
16405
16419
16421
16435
16437
16443
16451
16453
16459
16461
16469
40
48
72
51
53
16406
16414
16416
16422
16424
16432
16438
16440
16456
16470
16472
16401
16405
16419
16435
16437
16443
16451
16453
16459
16469
30
40
54
58
72
76
86
51
67
69
71
75
85
89
16406
16432
16438
16440
16456
16470
16401
16403
16435
16451
16455
16459
16469
30
38
48
56
58
76
86
19
67
69
71
85
16406
16414
16456
16470
16401
16403
16419
16435
16451
16453
16455
16459
24
46
48
56
86
17
43
16412
16432
16440
16393
16419
16431
16435
16451
22
30
40
48
54
56
72
88
5
13
35
51
53
67
69
71
75
85
16422
16424
16432
16440
16456
16470
16472
16401
16409
16419
16435
16437
16443
16451
16459
16469
2
20
30
48
72
51
67
69
75
16424
16432
16440
16456
16470
16399
16401
16435
16451
16453
16455
16469
48
72
78
35
67
69
71
85
16406
16422
16440
16472
16393
16419
16421
16429
16435
16437
16443
38
48
54
56
62
72
86
19
29
37
51
67
69
75
16406
16414
16432
16438
16440
16456
16397
16399
16419
16421
16435
16451
16453
16469
22
30
38
40
46
48
54
56
72
86
88
17
19
35
37
51
53
67
69
75
77
85
16422
16428
16472
16413
16419
16435
16459
16461
22
32
38
40
72
86
17
21
29
59
67
16404
16414
16424
16432
16440
16456
16403
16417
16435
16451
16453
16455
16469
28
48
47
51
67
16414
16424
16432
16456
16460
16470
16435
16451
16455
16459
16473
22
30
38
40
48
54
56
58
72
86
51
53
67
69
71
75
85
16406
16414
16424
16432
16438
16440
16456
16419
16421
16435
16451
16453
16455
16469
8
30
40
44
46
56
86
21
16406
16414
16424
16432
16438
16440
16456
16389
16397
16419
16435
16437
16451
16453
16455
16459
16469
2
22
30
38
40
48
54
56
72
88
19
35
37
51
53
59
67
69
75
77
16406
16414
16426
16432
16438
16440
16456
16419
16435
16451
16453
16455
16459
16469
48
54
72
9
67
71
75
16406
16414
16424
16432
16438
16440
16456
16472
16397
16419
16435
16437
16451
16453
16455
16459
16469
22
38
40
46
48
56
72
86
88
17
29
51
53
67
69
75
77
85
16414
16424
16432
16438
16440
16456
16470
16399
16403
16421
16435
16437
16451
16453
16455
16459
16469
12
22
30
38
40
44
48
54
56
72
86
88
17
35
37
51
53
69
75
85
16422
16448
16462
16419
16451
4
12
22
30
38
48
54
56
86
88
17
19
35
51
67
69
75
83
85
16414
16432
16444
16448
16456
16403
16435
16451
16453
16455
16459
16467
22
30
40
48
54
56
72
88
13
35
51
53
67
69
75
85
16406
16412
16414
16432
16438
16440
16456
16419
16435
16437
16451
16453
16455
16459
16469
2
86
17
51
16388
16432
16438
16440
16456
16460
16470
16385
16401
16403
16435
16451
16453
16455
16459
16469
38
46
7
19
29
51
67
16394
16406
16422
16424
16432
16438
16440
16456
16470
16472
16419
16421
16435
16437
16443
16451
16453
16459
16461
16469
30
54
64
72
51
63
71
75
83
85
16406
16414
16422
16424
16432
16440
16472
16419
16435
16437
16443
16451
16459
16461
16469
0
62
86
35
16406
16414
16422
16424
16432
16438
16440
16456
16470
16472
16399
16401
16405
16419
16421
16435
16437
16451
16453
16459
16461
16469
54
72
86
17
23
51
67
69
16388
16414
16432
16438
16442
16470
16385
16401
16421
16435
16451
16453
16455
16459
16469
22
30
38
48
54
56
58
72
86
35
51
67
69
71
75
85
16412
16395
16429
20
30
40
54
72
51
67
16414
16416
16422
16424
16432
16438
16440
16456
16470
16472
16399
16401
16403
16405
16419
16421
16435
16443
16451
16453
16459
16469
22
72
19
35
51
71
77
85
16422
16427
16443
16453
82
29
65
16432
16438
16442
16456
16401
16455
54
56
5
37
67
85
16414
16424
16432
16438
16440
16456
16472
16397
16419
16435
16437
16451
16453
16459
16461
16469
30
40
48
54
56
58
86
17
51
53
69
71
75
85
16388
16396
16406
16414
16416
16422
16424
16432
16438
16440
16454
16456
16470
16472
16401
16403
16405
16419
16421
16435
16437
16443
16451
16453
16459
16461
16469
48
54
58
72
11
69
71
16406
16414
16424
16432
16438
16440
16456
16466
16419
16435
16437
16449
16451
16453
16455
16459
16469
12
23
71
16414
16424
16432
16438
16440
16442
16456
16460
16435
16451
16453
16455
16459
16469
16473
54
72
88
5
13
77
16414
16432
16438
16440
16442
16456
16460
16470
16435
16451
16455
16459
16469
16473
40
86
61
69
71
16412
16414
16424
16432
16438
16456
16431
16437
16451
16459
16469
22
30
38
48
56
58
72
86
35
51
67
69
71
75
85
16440
16401
16435
16455
32780
32790
32771
32807
32849
49236
49201
32768
32772
32802
32839
49186
49191
32802
32856
32853
32834
49184
49222
49224
49241
32820
32838
49201
32784
32817
49182
49192
49238
49240
49181
49205
32817
49156
49164
49174
49182
49208
49240
49169
49191
49211
32841
49183
32809
49206
49217
49235
32802
32856
49156
49164
49174
49182
49200
49222
49224
49153
49169
49171
49173
49189
49219
49221
49227
49237
32842
49164
49174
49182
49186
49208
49240
49167
49205
32842
49156
49164
49174
49182
49184
49192
49206
49208
49222
49224
49153
49171
49189
49205
49219
49221
49227
49229
32823
49209
32802
32856
32771
49202
49171
32788
32844
32856
32807
49225
32772
32790
32802
32785
49174
49240
49191
32790
32802
32856
32807
49182
49186
49200
49206
49224
49240
49191
49227
32817
49154
49156
49166
49189
32768
32788
32802
32822
32856
32783
32843
49236
32802
32827
32836
49202
32772
32798
32808
32816
32824
32838
32840
32769
32785
32789
32805
32835
32837
32843
32853
32857
49236
32838
32807
49236
32780
32798
32822
32838
32769
32785
32835
32853
32857
49207
32838
32789
32857
49222
49241
32798
32802
32822
32824
32840
32856
32783
32787
32805
32807
32835
32843
32853
49201
32817
49156
49174
49192
49240
49167
49185
49191
32838
32857
49164
49216
49234
32825
49169
49239
32772
32780
32790
32807
32818
49156
49164
49186
49213
32809
49186
49155
49191
32834
49166
49222
49219
49241
32817
49161
32836
49164
49174
49192
49230
49240
49171
49191
49205
32772
32780
32790
32798
32808
32816
32822
32824
32846
32854
32856
32783
32785
32787
32805
32807
32819
32821
32835
32843
32853
49201
32818
16396
16403
16425
16471
0
4
74
55
57
73
16402
16420
16397
16407
16467
26
52
76
23
41
16396
16419
4
14
52
68
70
82
41
87
89
16396
16436
16452
16403
16425
16471
16473
18
88
23
31
33
16402
16418
16397
16455
16469
18
88
13
51
71
85
87
16402
16420
16389
16415
16433
16443
18
36
88
3
31
33
16420
16387
16405
16415
16443
54
1
5
16384
16444
16466
16439
16457
16471
54
72
23
41
16400
16402
16420
16407
16415
16435
16443
16471
42
7
81
16385
16389
16405
66
88
69
16450
16472
16401
52
19
41
16420
16399
16455
16461
67
77
85
87
16402
16426
16397
16407
16415
18
28
36
3
31
43
16400
16418
16452
16399
16435
16451
16455
16469
16471
18
36
3
21
23
31
51
87
16450
16472
16407
16417
18
38
15
21
31
49
71
87
16398
16450
16452
16454
16468
16433
16435
16473
36
71
77
85
87
16436
16411
16415
16433
16435
16471
54
41
63
16472
16387
16415
16417
16455
32
36
38
68
49
51
59
87
16461
16469
16471
14
16
52
66
70
31
49
51
87
89
16398
16402
16420
16436
16450
16460
16468
16415
16433
0
68
55
67
85
16436
16403
16425
72
1
21
23
16407
16417
16467
36
88
3
21
33
71
16388
16404
16436
18
36
74
88
3
31
33
57
16402
16418
16397
16455
16469
16471
41
75
16402
16420
16397
16407
16415
16417
18
36
38
82
31
51
87
16450
16468
16401
16415
16425
16433
52
33
35
41
16398
16436
16450
16454
16468
16415
16433
16435
16473
14
18
52
66
70
76
84
31
49
16446
16448
16467
39
67
85
16402
16420
16472
16455
16461
0
18
36
38
52
31
49
51
55
73
87
16420
16422
16450
16387
16471
16
18
32
36
38
52
68
31
49
89
16396
16415
16419
16471
19
41
16448
16393
2
52
68
41
67
85
87
16402
16420
16389
16415
16435
16443
16471
16
18
36
23
31
51
59
87
16436
16389
16397
16407
16425
16433
25
35
16416
16422
16436
16452
16415
16433
16435
16471
16473
14
32
52
68
70
84
49
51
87
89
16436
16419
2
19
41
16386
16452
16425
16471
16473
8
76
23
16402
16420
16466
16387
16405
16415
32770
32786
32852
32789
32841
32855
49238
32798
49174
49182
49155
49157
32790
49186
49218
49220
49240
32808
49216
49234
49177
32854
49164
49168
49186
49196
49220
32808
49184
49196
49236
49207
32782
32806
32835
49212
49177
32772
32786
32800
32842
32844
49164
49166
49170
49175
32854
49182
49206
32798
49170
49202
49187
49241
32780
32802
32836
32842
32825
32855
49192
49236
32780
32802
32831
49238
32835
32837
32772
32786
32800
49168
49240
32798
32802
49220
49236
49223
32784
32834
32836
32856
49170
49153
32798
49170
49202
49187
49241
32784
32834
32856
49238
49205
32852
32783
49156
49170
49184
49196
32790
32798
49182
32843
49164
49170
49210
49220
49175
32769
32827
49186
49226
49228
49173
49193
49201
49207
49225
32821
49158
49170
49176
49194
49226
49235
32798
32800
49174
32854
32821
49166
49170
49219
32854
49205
32854
32805
49170
49226
49228
49193
49219
32854
49165
32798
49155
49157
32772
32786
32769
49182
32784
32852
32839
49156
49153
32800
32821
49238
32802
32834
32836
32856
49164
49186
49220
49226
49203
49209
32817
49168
49218
49220
49240
32772
32802
32836
49174
32854
49170
49187
49241
32854
49236
49227
32780
32802
32836
32856
16400
16468
16389
16397
24
66
43
16411
16467
18
31
53
16444
16391
16423
69
71
16450
16393
16459
34
66
33
55
16390
16450
16389
16463
24
66
84
43
16436
16450
16468
16419
30
66
76
84
16396
16414
16401
16403
88
15
71
73
16450
16445
16465
16
18
84
5
31
49
16426
16432
16468
4
30
66
16462
16389
16391
74
84
7
11
16408
16450
16427
16441
58
66
5
45
16426
16432
16450
16468
46
66
23
29
16402
16450
16468
16389
16415
4
30
16398
16434
16460
16473
12
30
66
17
16392
16430
16450
46
48
66
84
16420
16450
16389
16427
68
70
84
87
16468
16472
16399
16435
66
27
29
16450
16452
16397
16457
16471
20
36
66
68
16400
16452
16389
16397
48
66
33
69
16414
16422
16468
44
60
7
16396
16453
30
58
66
57
16422
16450
16431
60
78
84
7
16414
16403
16417
16453
16
68
84
5
41
16450
16458
16468
16421
16
70
73
16414
16418
16450
16389
16407
60
78
84
51
16430
16389
16411
58
74
84
16444
16462
16391
80
27
33
16398
16436
16468
16423
40
70
33
16440
16458
16468
22
84
3
55
16386
16444
6
66
5
61
16412
16439
16467
66
33
53
59
16432
16450
16460
16
18
66
5
31
49
16444
16462
16389
6
66
61
79
16424
16454
16468
6
66
61
79
16420
16450
16452
16468
16389
16433
6
61
79
16400
16397
16417
0
40
66
84
16447
16453
16
36
84
5
31
49
16400
16402
16450
16468
16389
16415
32800
32820
32809
32817
49184
49201
49211
32806
32842
32852
32809
32817
49174
49192
49165
49205
32818
32785
32791
32841
32857
49192
49171
49205
32808
32840
32805
32843
49196
49216
49234
32818
32834
32781
32785
32823
49237
32788
32785
32807
32821
49170
49188
49226
49193
49201
32818
32826
32785
32791
49156
32780
32839
32855
49192
49165
49171
49189
32800
32804
32809
32817
49170
49226
49173
49201
32804
32842
32809
32825
49173
49183
49193
32812
32832
32779
32795
49237
32818
32785
32823
32857
49172
49153
32835
49192
49206
49208
32808
32818
32787
32805
49172
49192
49238
49205
32790
32798
32773
32817
32843
49169
49175
49187
32790
32840
49174
49206
49157
32818
32852
32854
32791
32823
49171
49205
32855
49192
49208
49224
32786
32804
32834
32852
32791
32809
32817
49228
49183
49239
32853
49156
49170
49188
49173
32850
32785
32795
49156
49237
32853
49172
49182
49202
49236
49189
32822
32824
49190
49218
49236
49173
49201
32834
32852
32854
32779
49202
49169
49241
32820
32836
32817
32839
49172
49180
49165
49189
49191
32786
32842
32789
32791
32817
49188
49190
49218
49236
49193
49201
32804
32844
32809
32841
49156
49183
32786
32852
32791
32799
32809
32817
49152
49170
49193
49201
32855
49202
49223
32822
32824
32843
49172
49192
49200
49218
49236
49169
49191
49205
32786
32804
32789
32799
32809
32855
49188
49218
49226
49175
49183
49201
32836
32854
32843
49156
49183
32818
32833
32851
49202
49197
49217
49235
32853
49219
32818
32854
32833
32851
49170
49175
49193
49201
32818
32787
32821
32823
49219
32818
32785
32833
32851
