16612
16707
358
524
546
584
165
275
341
345
351
357
413
467
607
617
691
16741
218
224
382
384
253
16418
16564
16606
16610
16772
34
357
16534
16618
16686
16766
16778
17058
17062
17078
17096
16473
16511
16643
16801
118
438
536
544
255
357
441
491
16602
380
251
491
16766
380
16484
36
232
300
304
355
489
609
16600
176
180
222
224
228
390
16420
16735
16741
16989
38
152
278
306
314
398
9
41
139
207
245
247
261
263
267
269
329
335
363
403
407
423
441
443
459
493
507
509
513
561
563
16542
16572
16618
16742
16391
16395
16433
16443
16445
16477
16481
16507
16527
16729
16829
16957
180
224
232
16680
16936
16529
16575
16577
17071
188
234
392
664
670
83
133
489
16774
16780
16922
16577
16947
396
646
16534
17009
471
16674
16776
17048
17102
16469
16475
16477
16509
16559
16589
16625
16629
16633
16637
16639
16711
16713
16797
16811
16825
16849
16945
16949
16985
16993
186
188
234
390
396
15
89
271
351
415
491
16488
16608
16610
16762
16953
284
524
275
491
657
16612
16618
17086
34
74
316
390
394
455
655
16608
16610
218
234
257
685
16980
16493
16577
16655
102
228
457
16502
16662
16686
16692
16778
16471
16511
16547
16551
16711
16791
16827
16873
16905
16945
16947
17031
17075
399
16539
16861
17041
17045
238
296
11
47
67
87
103
111
145
147
163
175
179
217
229
273
275
325
351
353
415
441
445
471
473
491
563
567
16604
184
672
692
61
205
481
16668
16782
16495
16729
16731
16735
16737
16875
16993
396
530
191
667
16600
214
16670
16975
118
198
232
294
302
398
658
678
11
53
73
83
93
95
109
123
133
169
205
251
323
325
339
361
363
367
405
413
415
459
471
481
503
515
525
529
565
601
603
16766
16776
16778
16780
16926
16940
16942
17100
16523
16547
224
542
550
91
337
16563
16741
16947
118
286
398
556
11
67
97
109
111
273
351
363
433
441
447
563
601
16572
16606
16608
16610
16612
16684
16698
16854
17088
17090
16435
16637
16639
16749
16801
16831
16833
16987
16989
16991
17031
17071
384
16679
234
544
674
16493
16495
111
185
353
491
16680
16684
16772
16467
16489
16491
16737
16739
282
191
563
226
16418
16688
16493
16735
16993
147
351
569
16581
106
116
226
302
432
476
554
451
459
489
651
16614
222
232
544
710
657
16426
218
16668
16928
16447
16539
16547
16657
16987
437
16408
16416
16947
16995
216
16562
16610
16612
642
702
433
16608
16680
118
382
384
9
16916
16813
34
188
141
163
351
435
563
571
16420
16684
16659
224
390
331
337
491
16666
16674
16680
16686
16924
16493
16539
16659
16735
16819
16821
16835
16849
16859
186
234
294
296
298
302
358
670
9
45
49
133
163
173
251
343
417
457
485
525
611
617
16602
16854
17098
16435
16875
115
469
629
16622
16682
16395
16495
16529
16737
16747
16799
16947
16987
282
275
16774
16539
17089
312
713
16422
16502
16622
16672
16702
16780
17072
17074
16439
16469
16475
16481
16505
16523
16547
16649
16651
16707
16729
16731
16739
16745
16747
16807
16809
16843
16879
16887
16927
16985
351
513
16458
16682
16684
16692
16780
16515
16635
16657
16729
16797
16885
16985
17067
166
17072
16925
16935
16947
282
286
638
145
275
325
280
351
477
16964
36
188
290
396
672
13
15
57
93
139
143
145
147
339
351
363
445
493
563
601
16420
16688
16702
16782
16912
16916
16926
16980
16385
16425
16469
16473
16515
16527
16533
16567
16627
16629
16631
16635
16637
16705
16709
16715
16721
16825
16827
16837
16871
17025
17031
17035
17039
17041
17075
17083
212
390
16770
16778
16747
16841
376
16604
188
16435
16621
16991
17005
157
16408
16766
16778
16818
16875
237
477
16608
16610
16766
16982
16909
16947
30
198
300
396
544
554
672
716
7
41
127
143
327
411
489
567
569
16680
16493
16557
16657
16989
218
16570
16670
17086
216
220
16562
16608
16475
16877
17075
226
447
16495
16637
16735
193
16608
16610
16698
16742
16768
17098
16843
282
357
507
16418
16500
16572
16651
16953
104
106
222
394
16666
16657
186
234
288
302
310
394
660
109
345
353
373
423
441
449
16490
16606
16723
17037
368
396
16420
16502
16534
16618
16822
16982
17056
17098
16401
16433
16519
16521
16547
16637
16715
16731
16747
16751
16785
16799
16827
16853
16875
16885
16987
382
16774
178
226
228
386
388
390
556
16604
188
614
16606
16608
16678
16780
17054
16507
16517
16719
16727
16833
16953
16985
34
155
16498
16502
16996
17056
16739
16833
16951
24
26
32
74
386
556
333
16672
17076
16897
17025
282
433
16452
16458
16612
16766
16768
16772
16862
16930
16395
16467
16707
16947
17075
24
26
34
236
300
438
556
636
493
601
603
609
16482
372
587
16410
16653
220
363
16661
556
249
273
351
363
505
657
17060
16469
16803
220
384
394
457
49339
49371
49549
49735
49817
32797
32921
33145
33239
49164
49439
33159
33351
33437
49229
33280
32797
33067
49578
49559
32902
49229
49329
49339
49373
49531
49691
49701
49707
33053
33299
49620
49383
49785
33358
33390
32813
33015
33029
33115
33151
33311
49689
33226
33069
49203
49291
49363
49381
49385
49695
49697
33322
32799
33443
33463
49221
49549
32912
32797
49266
49586
49179
49435
49439
49497
49695
33161
33163
49662
49772
33184
33412
33416
49301
49371
49541
49543
49547
32803
32845
33165
33353
49383
49387
49807
49837
32902
33378
32797
32887
32959
49780
49782
49439
49531
33351
49610
33230
33186
49772
49367
33330
49301
33234
33325
49204
49400
49486
33122
33145
49602
32820
33022
49672
33280
32823
32825
33291
33299
49823
33222
49506
49546
49620
49624
49253
49373
49441
33124
32841
33431
49670
49740
49786
49161
49241
49381
49521
49527
49639
49851
49855
32805
32914
33230
33236
33387
49189
33010
49298
49300
49308
49342
49506
49586
49273
49319
49443
32801
32917
33155
33159
33161
33437
49574
49610
33190
49262
49626
49771
33034
33159
49216
49350
49506
49578
49443
32900
33106
33004
33038
33040
32769
32821
32823
33057
33133
33135
32803
33155
33479
49508
49729
49733
49847
33370
49457
32806
32846
32922
33046
33352
33362
33388
33392
32809
32849
32911
32945
32989
33089
33133
33137
33141
33143
33171
33209
33229
33299
33309
49734
49736
49283
49339
49705
32814
49482
49488
32955
33043
33241
33283
49222
49464
49586
49628
49660
49662
49740
49295
49319
49411
49413
49529
49771
33159
33163
33437
49424
49660
49377
33118
32987
49321
49339
49371
49639
49737
49795
49801
49807
49825
49827
49863
32789
32795
32865
32997
33023
33265
33463
49306
49740
49746
49772
49776
49784
49691
33024
49506
33124
32919
33107
33141
33159
33161
33163
49424
49506
49620
33165
33283
49350
49782
49355
49543
49833
49502
49658
49715
33118
33124
32871
32929
32987
33093
33105
33117
49424
49568
49580
33034
33036
33126
33206
33366
32889
32935
33257
49270
49298
49350
49664
49830
49437
49439
49683
33347
33351
33443
49420
33163
49341
49547
49663
32797
33345
33475
49580
32876
33184
33065
49598
33122
33278
49181
49543
49561
49735
49797
49827
32957
33163
49570
49574
49738
33328
49282
33188
49266
49306
49468
49664
49613
49753
33372
49422
33024
33184
49784
49233
49245
49379
49531
49547
49595
49729
49855
33059
49600
33278
33347
49424
49439
33069
49695
49771
32912
49406
49863
32958
33066
33078
33084
33338
33366
33398
32823
33027
33117
33151
49187
33280
33157
33313
49296
49506
49568
32799
32803
32955
32997
33133
33421
33433
49422
49750
49313
49729
32769
32837
32957
32987
32995
33159
33163
49488
32838
32914
49420
33165
49714
33104
49398
32926
33080
33322
32771
32781
32801
32803
32821
32825
33193
33345
33419
33471
49576
49453
33226
49341
49659
49821
32799
32801
33347
33463
49181
49827
49853
32906
49158
32880
32912
32950
33038
33280
33059
33061
16449
16485
16771
12
24
32
54
98
332
338
340
348
430
432
464
494
287
299
603
16486
16498
16528
16578
16580
16646
16700
16728
16730
16804
16810
16844
17012
17050
17054
16551
16587
16681
16707
16787
16905
16987
297
16615
16771
111
16436
16438
16722
16762
16802
16681
628
63
229
377
521
16502
16516
16652
17078
17098
187
189
16577
88
128
130
184
366
16390
16402
17037
194
474
684
43
169
17068
36
72
108
272
382
398
436
478
598
712
165
205
241
401
525
527
561
587
613
615
617
16459
16773
30
66
90
102
138
152
154
238
264
352
418
430
438
518
598
626
630
666
700
702
297
481
641
16580
16447
16605
16611
16637
16847
17073
103
221
16628
107
193
16472
16480
16516
16814
17088
16681
130
412
488
700
83
647
16612
16642
16724
16736
16768
16856
16896
16934
16625
16671
16685
16745
17041
676
67
389
649
657
691
16486
16526
16612
16642
16728
16782
16804
17096
16427
16507
16679
16683
16747
16787
222
228
41
441
481
563
575
579
583
587
17037
290
292
304
306
596
21
27
129
137
211
269
361
385
469
16870
552
49
187
401
403
657
16690
16441
16745
16945
16995
16999
694
185
551
16781
152
316
356
548
638
676
207
241
281
325
327
361
403
441
645
16453
231
16412
16414
16418
16538
16576
16578
16580
16690
16860
16970
17008
17058
17060
17100
16425
16625
16711
16747
16787
16905
17065
102
142
154
156
234
258
316
348
352
420
558
636
666
41
297
523
603
16402
16468
16514
686
549
16468
673
16400
16432
16456
16474
16486
16516
16608
16620
16622
16728
16732
16734
16768
16804
16818
16872
16898
16928
16681
16913
16987
17027
306
694
173
481
72
112
142
146
226
266
344
348
354
382
418
460
510
666
708
43
167
301
363
521
525
647
681
16529
16617
6
8
48
228
502
299
309
441
16502
16980
16433
16449
16451
16545
16589
16593
16609
16631
16759
16771
16795
17037
194
101
167
205
217
327
369
16472
16514
516
45
53
123
133
209
243
251
283
331
339
369
371
401
449
653
655
17068
17070
17078
101
16436
16538
16612
16792
16844
669
16970
16994
75
101
103
453
645
16390
16564
4
16642
16652
16658
16696
16698
16814
16856
17086
16387
16551
16591
16671
16685
16747
16865
16915
29
429
16441
16997
17001
146
154
234
550
558
537
643
16781
88
130
132
504
518
16396
16480
16486
16528
16578
16612
16616
16632
16726
16730
16732
16762
16804
16876
16934
16683
16685
16909
16913
16987
17073
385
657
16412
16414
16690
16694
17014
17052
16425
16443
16445
16563
16591
16593
16597
16629
16747
16795
17029
306
316
398
167
209
385
481
499
645
16386
112
236
262
272
426
472
558
712
167
245
361
363
369
371
401
403
413
447
523
561
16400
16414
16422
16454
16496
16516
16534
16536
16570
16602
16608
16612
16642
16730
16732
16772
16814
16840
16848
16860
17052
17086
16585
16683
16685
16865
16909
16913
704
16418
16456
16492
16530
16616
16724
16726
16732
17078
17086
16427
114
154
260
348
426
432
460
596
173
207
211
251
363
369
529
537
16967
17007
16393
16571
16771
67
69
101
321
16502
17034
16683
16795
16933
138
426
464
175
537
16958
17033
387
391
659
16482
16614
16696
16736
16804
16818
17008
16681
16745
16747
16917
126
17021
28
102
104
110
142
144
196
198
266
352
424
430
470
554
666
718
41
327
361
363
365
521
531
537
16952
34
102
258
340
710
403
603
16449
16739
4
16952
16954
16956
16958
113
17060
17041
228
232
378
408
678
293
657
16912
130
504
585
16392
16396
16408
16474
16512
16514
16600
16716
16844
16884
17096
16685
389
657
16400
16408
16412
16522
16524
16530
16608
16638
16642
16764
16802
16834
16685
16745
17033
217
387
483
16457
16761
16773
107
387
389
16792
16812
16870
16911
96
102
132
228
340
418
420
478
500
676
299
309
529
603
16559
556
624
171
227
16489
16611
16813
16452
16486
16753
16999
75
17055
306
481
615
16447
16485
16607
304
306
15
55
61
63
217
265
377
417
429
495
16497
96
102
694
297
301
303
16771
17037
30
88
132
138
194
262
332
346
348
392
638
666
670
672
674
287
299
641
16563
48
228
346
422
488
546
702
527
655
16771
17033
59
499
611
16420
16580
16980
16447
16469
16485
16551
16601
16629
16631
16711
16745
16757
16787
16833
16865
16877
17025
606
16512
16632
34
304
670
49
167
289
367
447
525
537
16434
16612
16874
17050
16685
2
16405
16451
16549
16599
16771
16775
16841
17065
24
98
104
132
136
192
216
228
230
232
236
254
264
268
340
346
416
418
420
676
702
527
16453
16487
16773
546
16896
16409
16771
29
227
387
16408
16482
16638
16646
16662
16700
16876
16886
16890
17050
16681
16683
16913
17033
32
96
102
142
192
222
228
264
344
414
460
462
550
624
674
295
301
529
531
653
16868
28
74
102
192
214
316
348
428
486
504
518
706
241
17102
16447
16765
16773
16775
16959
8
24
88
420
548
297
572
229
16402
16418
16438
16472
16474
16480
16514
16516
16646
16722
16726
16728
16732
16798
16844
16850
16878
16884
16886
16940
17012
17054
16671
16681
12
52
17070
45
53
387
521
653
685
49690
49279
49585
33302
49260
49660
49690
49435
49441
49445
33208
49571
49647
33066
33068
33070
33480
32775
32857
32891
32897
32901
33029
33111
33177
33185
33217
33331
49157
49795
49849
49853
49855
33008
49370
49730
49740
49744
32982
49243
49657
32976
49636
33013
33023
33151
33357
49194
49330
49368
49848
49357
33208
49334
49800
33416
33420
33426
33470
32969
33215
33259
33289
33311
49308
49330
49814
49599
49697
49701
33064
49318
32790
32880
32884
33430
33444
32833
32853
49605
49657
49741
49743
33290
49386
49153
49313
49715
49837
33412
49450
49721
33064
33066
33310
33189
33375
49632
32884
33275
33277
33281
49170
49212
49216
49228
49230
49262
49350
49374
49380
49422
49532
49562
49566
49576
49586
49656
49658
49664
49670
49734
49788
49453
49713
33085
32978
49867
33083
49450
49510
49169
49411
49569
49571
49573
49655
32944
33422
33426
33462
33466
33011
49216
49252
49330
49408
49410
49488
49660
49673
49715
49833
33068
33341
49684
33048
49196
49357
32944
32946
49448
49452
49395
49479
49837
32838
32946
33038
33040
33046
33102
33162
33224
33234
33324
33364
33430
33436
33059
33061
33073
33293
33451
33453
49322
32834
33150
33298
32921
49732
49317
49641
49679
49715
49837
32840
33156
33306
49450
49674
32872
33306
33322
49425
33412
49425
49743
32808
49212
49224
49342
49370
49566
49782
49784
49841
32828
32952
33118
33362
32859
33331
49732
33300
49548
49728
49844
49860
49697
33064
33066
33310
32911
33111
33377
49448
49407
49567
49721
32844
33304
33306
33431
33467
33469
49185
32838
33300
33306
49305
32938
32775
49194
32952
33466
49187
49755
33064
33066
32785
32853
32859
32941
33027
33189
33281
33331
33337
49448
49450
49495
33414
49162
49540
32804
32824
32828
33178
33274
32771
33329
49360
49153
32792
32946
32960
33082
33086
33126
33238
33240
33420
33424
33426
33428
33430
33464
33472
33093
33315
49436
49623
33334
49761
49829
32914
33042
33442
32867
32895
33013
33133
33273
49448
49417
49649
49687
32805
49320
49249
33187
33393
49318
33104
33156
33358
33426
33057
33331
33453
49187
33164
33350
33466
33173
33307
33453
49540
49403
49495
33312
33333
33335
33473
49558
33002
33075
49182
49620
49656
49660
49715
33300
33375
49330
49796
49798
33386
32941
32943
32949
33455
49425
33156
33395
49526
49598
49706
49824
49455
32877
33041
49316
49395
33410
49432
32788
32880
32960
32964
33416
33428
33430
33442
33480
32974
49330
49342
49796
49810
49443
33142
33178
33238
33322
33426
33075
49336
49289
33466
33011
33027
33111
33191
49674
33382
33384
49627
33408
49264
49504
49153
49199
49237
49407
49553
49561
49569
49641
32868
32948
32998
33000
33426
33440
33057
33093
33453
49446
49450
49289
49417
49423
49573
49577
49655
49657
49759
33035
49229
32948
33324
33390
33444
32769
33093
49784
49850
49251
49285
49395
32948
32783
33147
49752
33128
49688
33203
49690
49694
49813
49857
33214
33264
49704
49855
49861
32921
33201
33203
49715
49224
49450
49544
49519
49759
32958
32863
32903
32933
33027
33103
33185
33229
33331
33337
386
109
371
373
461
609
619
16448
16920
16567
270
538
381
677
17036
17042
17044
17076
16487
76
650
16652
16770
16812
16854
16951
17091
635
16422
16450
16454
16632
16734
16922
16617
16675
174
270
352
432
225
287
577
252
16893
144
152
186
217
219
223
225
229
289
16402
309
16663
16815
16558
16560
16439
16609
16667
16733
16871
16877
16953
17071
17073
199
16630
270
350
530
590
109
341
675
16878
16697
132
454
17014
17022
16479
16637
16947
16967
350
590
103
109
287
16414
16615
468
31
109
189
16910
2
326
488
522
309
16460
16528
16560
16566
16654
16736
16738
17046
17062
16483
16609
16671
16871
16987
394
540
259
287
569
667
16452
16454
16456
16460
16542
16620
16654
16656
16682
16690
16770
16820
16854
16896
16900
16938
16389
16407
16409
16411
16443
16487
16637
16639
16645
16651
16671
16673
16725
16729
16733
16831
16845
16873
16989
16993
17001
17003
112
146
170
174
176
430
432
662
668
221
225
287
16493
661
707
16443
16671
16677
16969
160
16689
112
146
270
272
350
516
1
97
287
379
16654
16619
16953
176
300
558
654
662
97
225
253
287
341
493
605
617
619
16402
17006
16605
197
16396
30
652
658
101
16450
16652
16654
16734
16816
16487
16667
16671
16727
16867
16949
30
68
298
436
510
558
580
666
3
9
23
27
133
209
213
221
253
259
339
343
361
409
415
497
617
681
16458
16654
17014
16729
16869
16967
16969
16989
16993
16995
174
688
16812
16912
16914
68
72
306
386
13
23
27
47
101
103
205
325
341
483
569
665
17078
17034
246
524
16452
16454
16496
16654
16700
16734
16778
16780
16816
16938
17056
16399
16409
16437
16487
16489
16643
16645
16731
16745
16829
16843
16993
16997
494
530
267
16414
16492
16528
16568
16778
16780
16900
16902
16938
17046
16435
16589
16609
16611
16613
16745
16991
16995
330
16496
16654
16734
16936
16487
64
652
569
571
16420
16558
16656
16736
16816
16439
16469
16519
16727
16749
16757
16907
352
386
510
16454
16458
16528
16572
16656
16605
16609
16673
16765
17067
359
16564
17034
16603
16605
16633
16733
16763
112
138
144
264
434
583
16924
17046
16517
16603
16605
16949
328
17052
16487
16493
16605
16643
16651
16671
16745
16753
16845
16955
522
16415
16487
16871
17059
109
16648
16722
16800
16838
17036
16613
64
16532
16696
16938
16605
16871
16953
110
178
188
300
432
554
590
624
706
221
345
405
457
499
16552
17032
17034
16617
172
97
16524
16548
17036
317
16579
428
540
225
227
16810
16848
16613
74
276
354
588
219
463
681
8
644
16558
16652
16671
16725
470
522
103
109
349
575
695
16718
16932
334
16828
330
16448
16439
16725
64
138
536
285
17032
12
17076
16605
522
16450
16834
16493
16597
590
221
16528
16558
16560
16662
16692
16734
16481
16487
16585
16605
16643
16667
16671
16733
16803
16843
14
225
16790
160
17036
112
272
526
532
221
225
16456
16680
16810
16489
16667
17087
17089
206
16558
16570
16692
16938
16403
16437
16489
16589
16605
16609
16613
16871
168
170
270
617
16548
64
428
225
16450
16654
16912
16932
254
17034
103
293
609
16456
16920
17049
17091
17095
166
16421
136
170
174
180
97
16487
144
310
394
436
516
668
3
263
409
689
17046
16613
16619
308
312
548
650
16556
16558
16570
16582
16698
16738
16603
16605
16627
16747
16869
16951
16991
17067
170
176
55
221
225
287
607
611
16537
715
16398
350
528
16854
17052
16487
16611
524
16628
16581
140
195
16470
16824
16908
16461
86
144
16736
690
16414
16572
16816
17036
17046
16385
16591
16625
16765
16795
176
468
16496
16652
16914
16385
16595
16671
16745
66
270
349
361
461
16784
16697
300
428
466
470
548
3
125
253
349
489
569
703
16634
16768
16772
16788
350
229
585
49801
49423
33148
33397
49254
49466
49691
32949
49587
32870
32994
49186
49210
49258
49382
49386
49652
49656
49677
49683
33058
33064
32771
32785
32903
33025
33237
49308
49217
49331
49489
49539
32870
32986
49374
49378
49382
49532
32813
33239
49378
49295
32874
32910
32962
33034
33108
33116
33224
33232
33065
49586
49862
49421
49621
49719
49805
32998
33404
33263
49362
32868
32872
49252
49254
49496
49193
49691
32892
49370
49528
32988
49221
49331
49543
33378
49494
33319
49217
49577
49581
49797
49811
32846
33406
32775
32811
32831
32895
33139
33155
33177
49362
49543
49773
32984
49614
49449
32986
49254
49374
49378
49382
49866
32988
33028
49370
32874
33072
33293
49512
33116
33065
33355
49246
33305
49190
49378
49530
49548
49826
49315
49683
33062
32883
33467
49289
49327
49799
49805
49843
49853
33336
49188
49210
49214
49302
49304
49306
49340
49346
49374
49376
49378
49380
49424
49550
49586
49590
49670
49786
49818
49824
49854
49856
49866
49868
49313
49399
49477
49677
49687
49803
49835
33342
33344
49532
49652
49353
49395
33110
49368
49372
32922
32947
33195
49374
49703
32872
32874
32996
33082
32937
33097
33289
33295
33307
33309
49582
49621
32868
32874
33024
33110
33224
32809
33095
49703
32980
49720
32870
32872
33112
49503
49689
33165
49746
49215
49217
49313
49331
49477
49537
49637
32927
49215
49217
49329
49395
49539
32896
33138
33176
49460
49710
49786
49866
49868
49201
49217
49239
49265
49313
49315
49325
49329
49539
49617
33310
32849
32959
33131
33237
33421
49378
49446
49423
32943
33159
33161
49372
49368
32960
33002
33034
33230
33442
32929
32833
32909
32955
49507
49623
32784
49648
49785
32820
49440
49442
49207
49505
49581
49621
32994
32881
33033
33119
49503
49621
49623
33087
33157
49372
32984
49256
49368
32833
32835
32881
33263
49199
49217
49327
49537
49539
49579
49581
49811
49845
49849
32998
33110
33352
32939
49372
49711
49751
32833
32835
32913
33195
33231
33259
33421
49718
32856
49254
49258
49374
49378
49380
49677
49679
33153
33467
49252
49325
49691
33342
33311
49374
49378
49530
33155
49427
33230
32943
49438
33080
33082
33272
33286
33310
33362
33404
33444
32809
32849
32865
32907
32977
32983
33015
33023
33027
33131
33135
33187
33191
33217
33249
33263
33377
33409
33463
33467
49217
49219
49267
49293
49329
49331
49393
49521
49539
49577
49795
32868
32872
32876
33108
32941
33175
33293
49466
49213
49217
49219
49325
49327
49399
49499
49541
33054
49374
49581
33454
49376
32866
32990
33166
33484
32859
33211
49219
33155
49221
49329
33354
32817
32833
32881
32911
32913
32935
33155
33195
49244
49368
49400
49768
32870
32988
49190
49376
49380
49442
49446
49460
49590
49694
49788
49830
49159
49181
49239
49245
49397
49409
49421
49439
49489
49523
49677
49683
49805
49843
49851
33058
33123
49256
49852
49691
33204
33402
32861
32899
33037
33227
33237
33255
33329
33421
33425
33429
49186
49188
49270
49510
49694
49696
49708
49782
49784
49786
49153
49197
49289
49297
49323
49325
49327
49361
49485
49487
49489
49491
49515
49529
49565
49571
49577
49579
49603
49605
49607
49617
49677
49715
49807
49809
49835
49851
49250
49256
49496
32837
33021
33259
49240
32874
32994
49254
49256
49382
49614
49348
49466
49548
49868
49213
49219
49293
49315
49317
49329
49331
49333
49395
49539
49541
49543
49813
32866
32872
33224
33311
49325
49327
49623
33062
33126
33280
33400
33444
32781
32785
32911
32913
32943
32947
32989
33193
33197
33375
33417
49758
32828
33148
33259
33305
49380
49724
32835
32897
32931
33011
33039
33147
33197
49724
49621
32816
32984
49258
49856
49689
32862
49423
49747
33239
32953
33273
33338
33342
33344
49227
32943
33159
16489
56
58
76
96
108
216
220
252
356
410
414
466
508
716
201
527
681
691
695
16488
16502
16512
16608
16638
16848
16625
16671
16687
16911
17065
24
32
38
66
110
226
234
236
248
250
252
344
408
410
412
436
474
494
514
516
708
712
291
307
309
315
527
561
681
687
16675
17069
17077
17079
555
16806
17044
17080
16687
16923
16927
16929
72
74
98
108
140
142
194
238
418
438
638
656
672
81
205
303
485
539
545
16422
16442
16448
16462
16476
16490
16492
16502
16600
16608
16616
16644
16648
16662
16734
16758
16796
16822
16854
16970
16587
16667
16687
16691
16913
17069
38
1
19
97
177
347
377
381
449
497
687
16690
16409
16411
16507
16545
16729
716
89
213
379
503
681
691
16448
16452
16494
16592
16602
16604
16658
16714
16900
17086
17090
16667
16687
16693
74
318
424
464
718
87
205
539
16420
16494
16532
16578
16640
16644
16658
16702
16814
16840
16848
17054
16547
16669
16789
16825
16869
16923
16949
17065
116
318
712
87
211
215
323
367
539
545
16569
16887
56
62
224
250
330
344
410
432
307
525
16604
16794
598
179
377
391
16851
691
16660
16662
16702
16553
16665
16667
16787
16789
16869
177
225
269
16458
16540
16574
16860
16913
17079
44
64
224
318
414
426
450
452
16602
16794
17086
16687
16693
96
254
634
307
689
16952
16587
604
16417
644
381
391
499
16656
16822
17048
16667
16873
16921
16923
220
234
456
556
16563
17065
17079
60
426
681
695
33
16438
16440
16482
16490
16604
16608
16612
16632
16642
16644
16658
16794
16846
16387
16687
16691
16911
16951
17065
398
67
173
203
253
329
379
381
385
413
423
489
497
499
16413
60
70
110
220
258
276
416
438
464
466
512
514
668
281
693
695
16400
16526
16604
16644
16660
17031
512
577
695
16409
16769
57
667
685
695
16578
16409
16469
16563
16565
38
114
198
3
15
169
171
175
177
215
217
243
247
249
321
331
335
339
367
377
379
405
483
487
495
497
641
17028
16559
156
236
306
318
438
478
704
15
177
185
211
215
327
373
443
16421
25
177
687
16744
410
16404
16408
16410
16418
16420
16488
16502
16522
16524
16528
16534
16540
16542
16576
16582
16608
16660
16734
16736
16740
16780
16782
16808
16810
16814
16816
16848
16852
16856
16860
16902
17046
17058
17062
17082
17092
16425
16545
16547
16553
16589
16667
16671
16707
16787
16789
16793
16829
16919
16923
16927
16929
16931
16933
16935
16949
16985
358
7
15
19
99
179
209
213
321
329
343
379
405
497
16902
17048
17088
17092
16561
16597
16599
16755
16763
16791
16825
16833
16921
62
94
330
338
360
414
416
472
303
305
16462
16389
16391
16471
16547
16705
16759
16761
16769
16833
16885
16887
16909
16945
203
379
503
681
16422
16578
16656
16660
16736
16858
16898
16902
17054
17088
16387
16545
16557
16559
16787
16789
16825
16913
29
379
16567
124
216
220
336
426
16512
16644
16720
16810
17090
16985
17067
17069
38
56
92
144
150
220
260
348
422
450
454
299
16462
16393
16425
16431
16471
16481
16483
16561
16707
16769
16805
16831
16881
16887
298
375
391
407
17022
555
16500
16994
16998
16467
16561
16765
356
438
51
103
175
213
373
16438
16450
16496
16510
16574
16604
16606
16720
16728
16774
16794
16798
16804
16836
16840
16675
16947
602
16391
16403
16547
16557
16595
16599
16707
16725
16729
16753
16767
16775
16847
566
693
16399
16483
16805
18
32
38
224
228
232
254
256
330
342
410
414
416
418
512
668
283
291
293
309
563
685
16573
16761
16767
16769
16885
342
598
16676
17029
37
16487
16559
16733
37
73
16487
148
276
512
608
620
373
485
487
16508
16794
96
128
178
220
260
537
16670
388
414
309
16458
16492
16578
16608
16650
16740
16794
16812
16820
16832
17098
16387
16667
56
58
256
270
276
352
374
390
410
418
295
529
16960
16471
16871
16933
124
16414
16416
16494
16498
16580
16654
16696
16734
16738
16742
16820
16900
16982
17044
17046
17084
17092
17096
16425
16465
16505
16549
16553
16585
16587
16667
16671
16707
16789
16829
16869
16905
16907
16911
16917
16921
16923
16927
16935
286
145
175
16822
17009
17069
17077
307
16440
16446
16480
16494
16502
16614
16656
16756
16794
16816
16838
16846
16691
16693
16911
276
608
87
175
209
245
285
377
16422
16532
16994
17002
17018
28
78
118
358
432
283
369
375
547
16520
16554
16610
16905
54
124
17053
395
16595
16767
16931
16937
32
108
198
266
426
428
436
512
516
712
41
207
215
293
329
531
561
643
689
16628
16720
16832
25
177
219
341
373
377
381
17080
16937
37
503
16599
236
266
478
512
613
649
693
695
16406
16422
16458
16492
16574
16578
16618
16644
17052
17082
16465
16547
16905
16923
16929
16947
17025
302
65
219
341
383
385
16536
16900
16942
17086
16871
16909
16929
16933
17065
118
472
702
19
97
177
203
375
16660
16972
16467
16595
16763
16881
16887
406
16676
16887
198
9
49
55
143
207
215
385
503
16409
16667
16769
25
27
89
16414
16494
16532
16646
16656
16726
16730
16780
16798
16840
16942
16683
16913
17033
17065
17069
17073
17077
17079
124
456
16597
16775
16811
33
16422
16660
16561
16597
16633
16805
16879
30
38
64
68
74
76
100
104
108
110
118
142
148
190
224
226
258
260
262
274
318
340
346
352
386
416
420
436
438
454
456
462
466
476
634
668
704
1
201
299
301
321
323
441
527
531
539
643
681
16526
16578
16734
16711
16913
16931
16937
17065
25
99
177
685
16480
16488
16494
16496
16538
16542
16610
16614
16618
16634
16642
16798
16840
17090
17096
16687
16915
5
175
177
185
283
16744
42
16692
16713
16761
16881
16965
612
249
549
16421
22
98
250
252
336
303
309
16414
16418
16488
16500
16502
16524
16600
16602
16612
16620
16644
16646
16648
16650
16740
16772
16800
16802
16818
16848
16896
17050
17056
17084
16547
16683
16925
17065
73
16939
32
118
198
222
228
236
256
258
274
422
438
456
462
656
698
716
161
241
243
285
287
289
521
527
533
537
539
16408
16476
16634
16728
16840
16878
16679
16681
16687
16693
438
566
572
201
685
49536
49205
49485
49571
32909
33183
49312
32917
33025
33099
33187
33223
49732
49213
33320
33442
32917
49634
49638
33045
49825
33183
33375
49188
49861
33408
33391
49863
33077
49603
49817
32802
32948
32950
33486
33371
49232
49836
49434
33448
49472
32936
49178
49180
49214
49240
49250
49296
49338
49380
49416
49484
49490
49494
49530
49538
49544
49548
49550
49580
49790
49822
49445
49553
49675
32944
49792
49158
49178
49530
49803
32856
32948
33450
49316
32804
33302
49259
33456
33375
49857
33283
49332
49516
32883
49154
49480
33072
32869
33101
33221
49154
32772
49154
32877
49456
49227
49609
49677
33118
32815
32991
33187
33471
49458
49207
49409
49501
49571
49757
32972
49347
32948
33355
49156
33399
49158
49332
32948
33152
33337
33389
49308
49205
49213
49245
49373
49485
49607
49721
32944
32950
33068
33249
49505
33160
33362
33339
49654
49293
32884
32785
33131
33187
33333
33337
49308
49462
49670
49788
49173
49197
49293
49485
49489
49603
49721
49723
49725
33410
49332
49548
49732
33074
33187
33221
33231
33373
49160
49162
49168
49190
49202
49240
49268
49288
49334
49626
49797
49839
32942
49154
33332
33458
49449
49451
32815
32909
33335
49156
49240
32942
32944
33431
49328
49334
49454
33021
33043
49407
49477
49489
49515
49567
49757
32848
49160
49640
49654
49690
49820
33403
49188
49738
49409
49571
32830
32860
32880
33152
33154
33462
49236
32930
49246
49282
49332
49364
49640
32950
33138
33458
33381
49381
49483
33074
33348
33364
49160
49168
49532
49654
49513
49515
33304
33333
33335
49257
49259
49577
32972
49334
49452
32781
32833
33107
33123
33291
49158
33078
32901
32917
33345
49680
32928
32883
49174
49294
49334
49338
49666
49780
49515
32772
49627
32776
32948
49581
49665
32856
33392
49334
49649
32776
32778
32798
32874
32966
33042
33084
33102
33140
33254
33258
33266
33274
32969
33073
33413
33451
49314
32829
49742
49293
33050
33448
49454
49784
49197
49485
49553
49571
49607
49721
49723
49725
49755
49757
32792
33028
33120
33126
33198
33318
33324
33348
33211
33301
49154
33283
49464
49732
49291
49529
49605
33243
49169
49293
49407
49605
49725
32776
33132
49385
33448
49471
49387
33246
33320
33392
33396
32851
32931
32937
33209
33253
33291
33335
33373
33415
49234
32796
32909
49698
49205
49571
49851
33444
33183
49312
33090
49700
49407
49599
49859
33076
33348
33364
32781
32899
32907
33033
33131
33185
33229
33231
49200
49344
49390
49640
49778
49553
33483
49436
32950
33166
33344
33436
33438
33444
33131
33371
33409
33451
49240
49598
32776
32784
32822
32948
32952
32954
33158
33256
33266
33009
33249
33415
49156
32776
32778
32796
32816
32820
32924
33014
33018
33138
33204
33244
33254
33055
33079
49489
32960
33152
32775
32973
33057
33259
33337
49332
49844
49563
33348
33406
32895
33467
