16548
16799
78
132
174
224
16682
64
224
256
16734
16934
16453
16719
16723
16881
230
538
43
81
153
157
213
299
16548
16922
292
16402
16436
16446
16614
16956
16649
16655
92
298
508
16466
16530
16692
16922
16645
16719
11
16892
16471
16475
16593
16605
16793
390
219
223
16684
16922
144
298
502
16816
16443
16543
52
54
122
150
308
414
436
566
45
263
331
451
525
16476
16566
16570
16612
16766
16910
16938
16785
184
296
16610
16800
16948
16507
16527
16727
16823
44
178
298
16438
16442
16476
16562
16602
16638
16734
16786
16858
16862
16399
16583
16833
16873
16929
575
16830
16886
16888
16918
16956
16425
16539
16547
16687
16711
16717
16785
24
92
208
304
538
363
385
16406
16462
16910
12
57
339
527
16454
16460
16603
16653
22
414
434
446
536
538
69
277
285
325
363
385
397
403
455
499
545
561
16672
170
182
274
538
16428
126
156
182
304
342
434
478
534
566
323
551
16610
16612
16503
16535
16537
16605
16687
16705
6
288
221
16608
16816
16852
16858
16922
16924
16509
16535
16537
16647
16667
16731
16753
16763
16765
16939
196
308
203
219
497
16460
16566
44
16942
16958
16395
16547
16603
30
94
158
180
182
250
446
530
566
570
7
13
41
43
51
79
99
111
115
135
137
165
171
201
217
225
263
331
335
339
343
345
355
357
373
385
421
427
431
483
487
16465
16541
16865
22
62
232
236
242
382
518
524
530
538
550
572
15
39
43
81
113
141
143
169
195
203
209
215
219
289
339
347
361
387
405
419
481
16538
16616
16622
16844
16856
16862
16894
16902
16429
16449
16451
16475
16497
16597
16709
16747
16761
16815
92
514
530
217
16438
16566
16604
16606
16638
16686
16694
16726
16732
16764
16786
16862
16882
16886
16890
16892
16401
16419
16455
16655
16911
16915
16917
136
16606
16626
16692
16846
16910
16934
16954
16397
16403
16499
16609
16667
16801
16875
30
230
246
286
310
408
414
446
528
552
558
35
67
79
97
139
143
145
177
203
213
259
263
275
277
283
293
305
307
323
325
361
387
419
437
443
449
493
545
16767
255
16606
16842
16850
16902
16956
16433
16467
16497
16531
16603
16661
16667
16761
16809
16875
16891
514
221
16934
16959
20
28
82
106
120
136
184
238
308
566
39
73
225
365
547
16412
16473
16699
16851
223
549
16610
16612
16846
16858
16525
16601
16759
16869
16891
28
544
121
125
153
16412
16920
16932
16956
16393
16481
522
139
557
16480
16818
16876
16605
50
308
570
16610
16844
16918
16950
36
426
16406
16434
16560
16562
16871
253
16412
16497
16723
16797
16857
94
124
126
176
180
312
346
472
474
510
572
45
65
193
195
261
267
271
293
449
513
517
16506
16552
16909
28
88
94
146
188
538
564
572
163
269
425
465
16678
28
420
500
125
153
219
221
283
309
349
367
393
407
483
16566
16901
230
570
5
219
257
285
409
16570
16539
16541
344
352
16470
16566
16766
16882
16884
16931
94
222
316
536
11
15
67
163
203
291
459
473
493
513
519
561
16436
16446
16506
16562
16903
160
16568
16632
16912
16916
16918
16427
16595
16599
16653
16669
16683
16685
16717
16755
16787
16805
16877
54
78
80
178
182
489
545
16682
46
66
72
182
322
352
386
16608
168
16412
16850
16433
16535
16605
16693
16763
180
222
242
306
312
466
474
566
570
201
227
231
353
16682
186
526
550
566
79
107
371
409
463
16412
16850
16539
16545
16733
16883
30
126
144
178
316
382
217
281
361
16466
16528
16592
30
62
190
228
254
316
432
442
444
7
55
73
103
107
113
125
129
147
153
155
205
213
279
283
325
355
379
393
493
527
549
559
16478
16906
16443
16665
16
157
16566
16818
16954
16537
16751
74
16472
16504
16530
16556
16560
16566
16570
16574
16600
16636
16668
16688
16732
16926
16954
16485
16489
16649
16739
16881
122
150
180
182
186
188
308
444
472
478
536
538
568
35
73
357
481
483
16556
16566
16395
16867
126
136
146
188
242
433
497
16566
16733
294
16640
16603
302
550
16678
78
182
248
310
378
65
16610
16882
16537
182
244
312
502
536
111
165
289
391
517
16444
16476
16570
16630
16670
16830
16862
16880
16926
16956
16455
16483
16485
16487
16547
16583
16587
16641
16643
16673
16705
16759
16769
16773
16929
16933
174
16608
16848
16858
16505
16745
16781
16789
16877
16903
16915
16947
546
283
305
347
475
16430
16466
16474
16548
16550
16922
16717
16785
16793
76
16802
16509
16597
452
31
155
405
16466
16538
16540
16566
16602
16632
16854
16886
16926
16950
16395
16715
16749
16769
178
49
195
227
291
16670
16798
16810
16858
16405
16463
16499
16505
16573
16677
16683
16711
16731
16733
16759
16763
16791
16903
16911
16955
224
151
16404
16514
16562
16618
16884
16938
16391
16437
16667
16725
16827
188
314
464
466
552
572
71
79
129
267
289
369
407
437
499
16684
16704
351
16554
16564
16662
350
125
213
345
563
16574
16688
16547
16647
16677
16741
164
494
16444
16476
16540
16630
16696
16702
16852
16892
16924
16425
16435
16455
16457
16463
16487
16495
16501
16517
16523
16525
16547
16549
16565
16579
16705
16715
16721
16741
16759
16777
16779
16785
16801
16833
16929
452
478
33
219
313
347
403
411
16506
16508
16542
16570
16572
16614
16628
16884
16920
16922
16946
16954
16431
16461
16475
16547
16551
16557
16577
16583
16585
16597
16643
16663
16667
16681
16705
16741
16793
16803
16809
16849
16851
82
170
172
182
71
16684
16954
16825
16835
16863
164
16406
16466
16522
16530
16534
16564
16604
16421
16583
18
190
248
250
254
314
316
412
506
510
526
540
1
119
121
133
139
153
163
209
219
269
279
295
323
387
395
423
459
487
491
549
555
561
16610
16539
182
526
572
393
16959
82
84
114
248
306
107
201
16406
16426
16558
16562
16686
16893
474
538
153
163
213
217
423
16398
16832
155
189
401
16412
16614
16956
16603
224
226
232
242
474
526
540
11
51
89
203
323
381
395
421
437
439
443
455
485
489
49240
49340
49329
49349
49643
49655
32988
33190
33194
32795
32855
32943
32945
32951
32973
33123
33223
33229
33231
33275
33291
33305
33307
33331
49182
49384
49596
49628
49638
49644
49650
49153
49157
49165
49199
49225
49231
49257
49283
49293
49319
49321
49347
49367
49409
49419
49429
49469
49481
49483
49539
49541
49547
49555
49705
32858
33180
33210
32997
49540
33250
49634
49668
49459
33046
33252
33256
33264
49350
49311
49465
32966
32825
49158
49520
49399
49587
49689
33114
33142
33144
33222
33238
33244
32945
33001
49156
33205
49346
49372
49432
49177
49407
49617
49687
33208
32789
32793
32797
32939
33027
33145
33293
33305
33327
33333
49354
33170
33075
33213
49340
49396
49598
49626
49662
49197
49227
49231
49281
49283
49321
49325
49357
49361
49421
49423
49431
49451
49457
49469
49489
49527
49539
49547
49557
49569
49609
49611
49615
33140
33166
33194
32901
33289
49434
49490
49498
49530
32949
32953
49262
49264
49381
49589
32793
49578
49662
49179
49203
49225
49245
49455
49615
49697
33100
33009
49258
49297
49465
49593
33094
33132
49546
32830
33054
33182
33190
33192
33240
32787
32791
32809
32871
32911
32939
32943
32947
33047
33065
33095
33099
33105
33153
33225
33259
33285
33289
33293
33297
33305
33317
33329
33331
49356
49518
32946
32980
33102
33005
49612
49715
33106
49536
33013
49393
33214
33254
33256
32967
32975
33085
33163
33197
49393
49563
32856
32886
33176
33222
32853
33025
33027
33199
33213
49374
49434
49526
49598
49626
49628
49710
49389
49573
49637
49639
33086
32793
32797
32849
33041
33229
33307
49310
49392
49634
49638
49648
49173
32968
33242
49240
49262
49306
49342
49366
49396
49428
49518
49451
32872
49350
33278
32795
32801
32913
33081
33189
49498
49514
49558
49393
33132
33009
49372
49578
49175
49275
49425
49673
49691
32984
33144
33148
33272
32813
32945
32995
33027
33041
33043
33059
33075
33127
49638
49427
49573
33215
49262
49583
33036
33110
33132
49264
49490
33090
33114
33203
49294
49567
32920
33148
33302
32777
32791
32807
32833
32951
33027
33227
33265
49242
49328
49422
49434
49490
32793
32795
33245
49168
49342
49362
49368
49432
49434
49528
49676
49227
49577
32796
33102
33199
49184
33050
33184
49516
33009
49599
33009
49492
49672
49191
49205
49333
49587
32890
33048
33256
49184
32920
33172
33180
33338
33342
32787
32789
32833
32963
33071
49262
49458
49514
32836
33032
33083
49175
33050
33168
32865
32869
32941
32945
32963
32979
33101
33123
33271
49212
49386
49434
49498
49566
49578
49159
49179
49197
49237
49239
49241
49273
49353
49671
49673
49691
49711
49713
49719
33112
33324
49663
33050
33298
49568
32786
32812
33070
33166
33091
49348
32795
32913
32917
33203
33231
49192
49516
32830
33008
33022
33118
33190
33198
33214
32773
32791
32793
32795
32821
32833
32835
32839
32881
32901
32931
32941
32943
32981
33085
33137
33303
33309
49366
33132
33140
32941
32947
33059
49354
33224
49362
49329
33140
33146
33164
33172
33205
49158
32884
32892
32924
33054
33182
33208
32769
32855
32937
32941
32963
33059
33063
33099
33253
49480
33015
49162
32878
49262
49432
49434
49592
49173
49175
49237
49275
49289
49325
49411
49427
49451
49507
49711
49717
33048
33050
33116
33142
33146
32851
32853
32869
32901
32941
32947
33249
49416
33162
49160
49540
32966
33144
33183
33231
49434
49205
49447
49669
33102
49214
49310
49378
49380
49386
49638
49259
49325
49447
49577
33132
49152
49213
49245
49321
49329
49467
49469
49593
49665
49687
32880
33112
33138
49430
49434
32789
32791
32797
32821
32941
33085
49408
49538
33132
49240
49270
49332
49436
49492
49560
49225
49385
49541
49547
32854
33292
32829
49170
49210
49398
49496
33000
33342
32771
32785
32793
32795
32869
32911
32913
32935
32939
32949
32967
32973
33053
33059
33085
33133
33139
33161
33173
33175
33177
33231
33283
33325
49693
32878
32947
49308
49310
49366
49368
49404
49434
49466
49530
49582
49594
49622
49169
49287
49289
49321
49345
49423
49449
49473
49507
49667
49679
49681
49691
49723
33038
33011
49634
49648
49325
33182
33194
33204
33208
32769
32773
32791
32793
32795
32813
32887
32911
32915
32937
32945
32963
32967
32979
33047
33057
33071
33089
33129
33223
33249
33295
33305
33335
49181
49447
49499
32878
49368
49460
49556
49566
49261
49409
49573
49581
49655
49661
49667
33108
33282
49168
49550
49620
49712
33052
32847
32891
32979
33265
33335
49173
49175
49181
49367
49417
49679
32998
33118
32793
32995
33071
33075
33221
49333
49347
32920
33018
33208
33242
32773
32789
32793
32795
32841
32851
32871
32911
32937
32945
32965
33061
33223
33283
33333
32988
33192
32791
32909
33027
33065
33131
33223
33225
33229
33307
49215
49439
32813
33277
33313
49224
32860
32894
32956
32984
33012
33050
33146
33200
32775
32783
32787
32789
32791
32809
32813
32833
32837
32849
32853
32929
32941
32963
32965
33027
33033
33035
33041
33057
33063
33071
33093
33127
33129
33217
33297
33305
33319
33327
33331
33333
49542
32788
32856
33003
32964
16424
16482
16494
16528
16542
16582
16654
16692
16718
16772
16776
16826
16615
16809
16915
19
143
207
461
539
16388
16422
16462
16464
16522
16540
16592
16662
16764
16794
16901
16909
22
120
154
190
220
278
336
338
540
41
43
135
241
269
419
433
449
483
517
545
16500
16838
16611
16907
243
299
16872
16509
286
215
237
16410
16462
16754
16792
16796
16956
16553
16619
16623
16715
16813
16901
360
450
509
16420
16492
16889
98
290
354
16812
16729
2
108
196
16614
16616
16796
16437
16677
16693
16777
16917
16947
440
448
456
484
492
16928
26
17
39
133
169
481
519
525
535
16838
16896
350
458
490
21
49
177
16406
16462
16500
16542
16604
16632
16654
16824
16523
16611
16833
190
242
248
250
252
286
382
478
506
3
43
45
49
55
65
73
81
91
107
117
137
139
145
163
167
199
201
211
261
265
297
299
301
307
309
373
387
395
399
527
16456
16846
16427
319
16452
16772
280
127
517
531
16536
16542
16399
16435
16523
16563
16789
16955
445
16540
16604
16606
16622
16632
16820
16824
16892
16397
16399
16403
16405
16423
16425
16427
16433
16457
16473
16513
16515
16519
16523
16525
16527
16531
16545
16553
16579
16581
16587
16601
16643
16645
16651
16657
16677
16689
16705
16709
16715
16717
16727
16743
16745
16757
16773
16783
16801
16941
8
10
76
102
170
196
216
286
400
16446
16506
16604
16860
16884
16487
16501
16555
16561
16563
16577
16591
16643
16679
16693
16759
16943
16945
150
464
546
21
16494
16540
16634
16636
16666
16670
16698
16754
16758
16762
16862
16918
16425
16547
16609
16613
16615
16683
16741
16745
16747
16777
16779
16815
46
200
476
562
135
431
483
551
16540
16626
16666
16668
16760
16874
16395
16425
16437
16465
16551
16557
16613
16649
16653
16655
16707
70
102
264
489
16796
16411
16413
16953
2
108
270
249
16524
16590
16803
16889
546
16616
16783
16855
16915
104
134
210
222
414
243
457
517
16394
16934
16927
136
420
16403
16465
16667
16819
192
16443
16535
16787
16789
472
486
85
311
519
16406
16408
16519
16523
16609
16683
16713
16777
16815
16897
2
100
194
262
16742
16701
16735
16881
160
16440
16926
16427
16437
16439
16815
16835
16907
546
16562
16798
16904
16427
16619
16825
102
208
135
16479
16949
192
219
16646
16699
62
222
248
382
502
568
574
35
41
49
67
129
133
205
307
315
321
325
327
417
449
453
461
16412
16444
16508
16538
16540
16574
16606
16702
16732
16824
16856
16956
16385
16423
16427
16431
16433
16437
16449
16457
16515
16585
16609
16673
16693
16747
16777
16787
16907
16939
262
426
381
523
16392
16436
16476
16500
16504
16660
16702
16720
16728
16750
16774
16796
16860
16888
16619
16631
16633
16641
16809
16833
16907
264
437
16786
16838
16691
271
517
531
559
16814
16399
16403
16475
16571
16681
16913
16939
19
107
121
169
283
313
333
369
379
485
545
16860
16555
16907
16915
16923
16925
383
16403
16623
16785
454
293
357
16398
16406
16462
16474
16566
16796
16906
16615
16845
16853
10
76
208
284
574
69
133
495
16398
16458
16860
16683
16833
2
378
137
16452
16654
16718
16603
16681
16761
92
176
336
408
167
289
297
551
16626
16810
16393
16433
16475
16489
16519
16521
16523
16693
16699
16707
16755
26
102
158
168
174
204
206
208
266
274
280
298
370
390
394
400
408
412
438
476
510
564
231
235
16612
16539
16765
250
348
408
412
428
430
13
17
35
53
133
139
295
297
299
305
309
311
405
525
531
537
561
563
16930
16439
16829
15
27
207
315
16820
16842
16870
16755
252
440
476
502
23
39
47
73
139
145
201
277
297
309
353
403
421
449
483
16864
16729
16823
126
190
318
350
446
33
49
109
137
139
143
175
203
261
293
299
367
433
435
547
16509
80
368
143
243
523
16626
16732
16754
16860
16439
16515
16521
16547
16623
16649
16655
16743
150
184
190
242
244
252
278
376
414
508
564
65
133
171
231
265
327
431
517
16718
16507
16717
72
31
16388
16466
16735
16799
2
140
270
16746
16768
454
25
535
16930
20
78
80
154
270
272
274
280
334
414
476
532
540
542
566
572
235
293
453
489
16838
16906
16589
22
24
42
56
60
100
110
136
178
184
212
220
270
284
336
394
398
406
412
414
436
472
474
562
229
235
247
481
551
16414
16466
16498
16570
16868
16876
437
471
16404
16552
16726
16750
16752
16772
16860
16867
148
300
340
139
297
353
435
16863
168
232
390
506
433
459
525
16446
16822
16860
16926
16389
16423
16433
16441
16493
16519
16643
16683
16691
16699
16727
16755
16783
16833
16873
16911
16949
16953
208
242
306
370
478
572
13
105
137
169
173
203
329
395
433
16876
16896
16900
424
215
16392
16394
16488
16604
16690
16752
16819
16901
142
278
394
427
505
16458
16876
16884
16523
16625
30
40
58
86
208
220
334
338
348
396
474
65
237
459
463
481
483
521
525
529
531
16422
16560
16768
16882
96
302
369
379
16466
16490
16778
16513
16877
16933
454
47
273
16870
16731
50
56
214
346
350
398
406
526
301
431
437
16620
16892
16397
16441
16443
16533
16685
16699
16945
30
82
108
180
250
338
346
412
572
131
231
297
299
16388
16392
16436
16440
16442
16444
16452
16458
16470
16494
16506
16538
16570
16592
16650
16656
16658
16662
16666
16710
16714
16760
16764
16772
16782
16792
16794
16842
16946
16547
16577
16609
16613
16625
16737
16865
16907
16933
8
70
102
178
180
182
204
286
336
376
402
566
35
449
481
517
16434
16462
16534
16584
16596
16714
16718
16764
16942
16481
16853
2
16454
16522
16532
16592
16708
16774
16824
16880
16449
127
16511
512
29
16386
16482
16484
16782
16824
382
11
47
117
119
147
151
175
185
187
195
217
273
301
335
345
555
16868
16607
158
186
210
214
216
248
338
342
376
380
534
566
45
65
79
139
141
171
205
229
431
16863
150
196
486
59
16592
16656
16762
16774
16585
445
16446
16626
16870
16872
16443
16469
16489
16691
16921
91
567
16794
16443
16521
16727
16865
252
410
490
494
13
15
47
117
135
207
225
309
357
359
449
525
527
553
16812
16437
16441
16605
16795
16923
234
45
91
185
317
329
343
537
16486
16636
16916
166
153
307
309
16462
16650
16698
16722
16728
16611
16801
16843
242
282
378
49
81
435
487
49666
33006
33054
33082
33270
32965
33161
33227
33231
49526
49588
49519
32980
33050
32873
33031
33043
33097
33133
33323
49206
49646
32862
32896
32883
32965
32987
33045
33123
33179
49408
49309
32858
32914
32952
32954
33002
33012
33022
33330
33332
32869
32875
32971
33043
33069
33135
33137
33185
33195
33221
49535
33023
49298
49494
49620
49231
49315
49339
32832
32773
32921
33017
49176
49296
49526
49431
49519
49569
32992
49175
49361
32800
33243
49186
33152
33166
33220
49284
32934
33076
33338
33093
49407
33088
32826
32835
32851
32871
32981
33051
33267
49172
49206
49210
49576
49713
32844
33236
33248
33017
49244
49526
49578
32769
32845
32891
32915
32931
32941
33107
33145
33225
33227
33289
49568
33152
32833
49198
49262
49344
49352
49366
49594
49626
49383
49385
49397
49611
33088
32883
33227
49375
32820
33174
32783
49620
49664
49545
32791
49162
49186
49337
33023
33177
49586
49375
33290
32891
49324
49552
49558
49674
33006
33152
32943
49183
32906
33135
33217
33221
33289
49284
33116
32783
32833
32851
32941
33125
33267
49232
49330
49620
49658
49716
49519
49575
33019
49311
33148
33182
33234
32851
32891
33135
49563
49653
33026
32883
49182
49212
49272
49288
49294
49434
49526
49566
49616
49618
49345
49537
49541
49172
49196
49198
49204
49208
49450
49494
49548
49558
49644
33023
49308
49676
49680
49165
49363
49425
49449
49457
49489
49513
49519
49551
49591
33215
49164
49198
49200
49202
49352
49422
49496
49546
49668
49704
49389
32810
32812
32818
32824
32826
32830
32926
33022
33064
33146
32909
33007
33315
49311
49579
32862
32900
33112
33234
33294
33332
33025
33063
33153
33199
33219
49462
49682
49615
49322
32824
32886
32923
33019
33143
49266
49274
49288
49290
49306
49498
49530
49596
49674
49694
49537
49569
49571
32778
32820
33084
33092
33126
33128
33202
33272
33306
33323
49316
32938
32958
33298
33069
33125
49244
49434
49462
49594
49714
49155
49259
49429
49519
49541
49699
49701
33055
49570
49175
32900
33234
49536
49578
49563
33152
33259
33261
33269
33275
49386
49572
33282
32891
49238
49242
49400
49528
49582
49584
49590
49658
32918
33336
32773
32953
32967
33045
33065
33099
33223
33249
49348
49702
32784
33292
33296
32973
33253
49199
49205
49363
49369
49435
49443
49549
49555
33120
49212
49408
33008
33334
49682
49501
32804
32986
33030
33098
33276
32911
49574
49529
33280
49188
49570
32820
33242
32809
32853
32879
33123
33139
33267
33293
49194
49231
33024
33181
49534
49594
49656
49157
49261
49489
49645
32960
49685
33288
32949
33107
49576
49379
33150
33268
33276
33298
32803
32975
33099
33129
33135
33199
49226
49306
49392
49496
49596
49690
49181
32998
33016
32791
32813
32847
32883
32891
33301
49182
49210
49392
49396
49468
49496
49564
49584
49618
49191
49225
49357
49379
49411
49413
49415
49417
49427
49441
49485
49505
32788
33182
33216
33306
33332
33139
33317
49494
49564
49255
49331
33126
33019
33341
49180
49332
49374
49628
49662
49684
49694
49163
49193
49217
49227
49237
49251
49261
49285
49323
49345
49353
49453
49491
49547
49637
49639
49667
33200
33286
33341
49682
49183
32992
33117
49271
49361
49433
32891
33045
49382
49678
49363
32791
32923
33307
49682
49181
49647
49661
33200
33218
32937
49542
49693
32996
32991
33145
33179
49311
32900
49599
32824
32908
33076
33114
33182
32771
32839
33037
33071
33103
49296
49648
49654
49223
49259
49425
49429
49593
32802
49334
49435
33076
33190
33202
33342
33319
33323
33277
49282
49498
49153
49421
49571
49629
32934
32799
33151
49412
49501
33021
49390
49464
49333
33284
49287
32962
32970
49382
49668
49357
49515
49523
49529
32902
33300
32839
32933
33123
49282
49309
49439
49657
33002
33004
33194
33202
32887
33105
33227
33299
49184
33032
33178
33198
49196
49274
49478
49516
49590
49251
49289
49441
49593
32795
33177
33207
49536
49612
49177
49439
49527
33284
32953
49170
49311
49375
33179
33277
33303
49172
49294
49458
49155
49193
49485
49541
32887
16518
16526
38
238
348
436
235
461
495
16496
16668
16754
16904
16906
16691
192
16898
159
16904
16927
63
16516
16914
16957
255
16522
16524
16532
16596
16666
16756
16796
16830
16950
16419
16465
16489
16551
16579
16651
16677
16835
16841
16865
16885
16897
54
400
45
365
457
485
509
16436
16438
16837
16955
96
223
16916
330
334
516
127
573
16530
16696
16788
16796
16517
16557
16615
16657
16881
40
186
220
400
225
291
16630
16666
16668
16796
16878
16900
16902
16924
16944
16613
16775
12
162
388
93
16607
295
16768
392
16436
16746
16788
16822
16469
30
62
94
108
120
138
146
190
202
212
218
268
276
380
402
410
440
446
478
506
568
33
65
77
183
195
229
237
239
289
327
353
389
451
491
16772
480
554
253
16428
16706
16784
54
56
312
346
502
355
371
453
16414
16434
16444
16532
16664
16730
16790
16854
16914
16385
16423
16559
16611
16613
16869
108
336
362
440
514
83
16440
16524
16534
16666
16698
16726
16754
16810
16820
16421
16615
16747
16805
16859
16931
262
266
16388
16390
16704
16768
314
19
503
16446
16508
16720
16728
16888
16914
16918
16389
16567
108
132
134
138
284
71
77
303
463
487
68
405
16498
16952
50
418
428
434
45
573
16864
16866
16569
514
16522
16957
50
428
537
571
16394
16428
16432
16434
16786
16882
16621
330
358
16410
16504
16516
16522
16636
16666
16726
16730
16764
16579
16613
16649
16673
16675
16741
16781
16869
16873
16875
16881
31
187
16746
16916
16763
272
356
16514
16906
159
16770
16671
88
138
140
156
190
244
246
284
318
382
446
562
566
568
570
572
5
7
41
65
67
71
81
105
197
357
367
417
425
16413
16953
16955
116
120
140
142
146
158
220
244
246
346
378
382
470
542
11
77
101
177
267
321
417
481
517
553
16522
16572
16630
16403
16555
16663
16753
16787
16909
63
16522
16824
16465
16565
16721
16785
16841
16847
16937
394
187
191
16415
26
251
16480
16885
93
16440
16522
16632
16726
16810
16914
16555
16803
404
418
426
571
280
350
380
440
526
530
532
558
1
5
55
75
103
185
187
195
329
359
16895
54
138
144
216
318
67
109
173
293
16405
479
16524
16720
16860
130
214
325
359
393
16668
16509
16613
16869
16949
50
506
522
303
16927
136
138
140
142
144
218
284
522
524
451
16447
16863
384
416
420
16802
16617
334
396
428
185
16770
304
418
16925
338
524
571
16422
16456
16447
16765
16959
108
304
434
16436
16528
16692
16824
16401
16469
12
140
146
156
312
438
444
574
7
71
305
419
16768
16571
108
256
16522
16666
16409
16469
16595
16812
16635
438
21
487
541
16799
152
188
342
374
424
428
432
103
207
269
293
403
457
461
493
563
16768
16898
16955
284
430
9
179
231
295
327
389
403
421
495
16627
16859
16927
52
122
126
138
246
312
440
468
530
11
43
171
229
353
359
369
493
501
553
16476
16600
16796
16822
16423
16513
16553
16599
16649
16653
16751
16755
16757
16811
384
16434
16604
16818
16613
16621
16885
16887
16889
364
16386
16472
16590
16832
16745
16845
314
418
16898
479
16522
16536
16540
16786
16924
16515
16555
16569
16777
130
319
16896
16571
16893
434
509
16802
16955
400
571
16639
479
16428
16726
16788
16947
48
388
16474
16522
16538
16624
16726
16391
16435
16465
16567
16585
16737
16749
16753
16809
16843
16847
16865
40
16568
16630
16726
16788
16808
16453
16557
16717
16835
16845
16953
44
530
16768
110
520
538
187
291
465
16514
16832
255
16540
16568
16862
16884
16397
16507
16739
16741
16801
16851
16897
16955
388
420
546
287
16520
16522
16526
16572
16634
16824
16387
16949
34
16594
16856
16898
16847
2
16684
24
138
376
458
15
185
16704
106
16524
16959
122
138
244
246
282
316
83
367
395
401
481
16635
351
49180
49182
49392
49662
49153
49167
49197
49261
49267
49457
49459
49461
49485
49491
49665
32790
32814
32950
33046
49532
49568
49586
49610
49622
49630
49163
49189
49225
49269
49285
49291
49295
49297
49315
49353
49431
49457
49491
49551
49669
49681
49689
49703
49705
32814
32892
32940
32942
32986
33046
33003
49180
49374
49404
49167
49169
49193
49223
49243
49261
49281
49285
49291
49333
49335
49417
49447
49461
49495
49601
49689
49703
33258
33328
33077
33175
49638
49648
49209
49463
32814
33100
32913
49176
49324
49326
49330
49552
49716
49718
49724
49665
32838
32950
33060
33062
49285
49291
49297
49449
49461
49485
49587
33026
49236
49276
49542
49718
49671
32850
32950
49380
49712
49303
49461
32846
33062
49162
49232
49326
49610
32816
32823
32921
33105
33269
33309
49174
49208
49372
49374
49398
49532
49594
49606
49610
49614
49620
49692
49285
49297
49303
49353
49363
49417
49421
49429
49445
49451
49477
49485
49545
49573
49577
32942
32948
49198
49334
49606
49571
49709
32814
32940
33158
49360
49512
49587
32918
33104
33176
33244
33298
33306
32821
32823
32901
32903
32913
33011
33069
33079
33219
33319
49280
49602
49654
49675
49705
33060
49198
49716
49722
49357
49481
49583
33028
33060
49382
32940
49367
49369
32942
33236
33009
49230
49302
49406
49498
49524
49632
49185
49241
49245
49599
49663
49665
32940
33191
49250
33212
32907
32973
33079
33107
49167
49291
49461
49463
49495
49593
49683
32768
32917
33051
49226
49540
49634
32814
32969
33009
33255
49472
49297
32866
49470
49243
49291
49381
49429
49447
49457
49461
49539
49675
49679
49683
49687
32774
49176
49334
49458
49716
49718
49583
33338
32785
32971
32983
33051
33109
33111
33141
33199
33237
49470
49463
49491
49677
33332
32793
32879
49324
49448
49480
32798
32814
32818
32850
32940
32950
33084
33210
33212
32801
32993
33039
33291
33295
33301
49330
32940
33135
49168
49208
49278
49364
49366
49368
49398
49404
49432
49434
49554
49606
49610
49614
49165
49249
49287
49353
49357
49477
49479
49481
49541
49545
49585
49601
49603
49633
49641
49707
32879
32985
33195
49388
49463
49679
32821
32913
32983
33061
33097
33113
49332
49309
33208
33226
33260
33338
32819
32913
32977
33109
33331
49554
49606
49614
49293
49441
49579
32998
32973
33143
49299
32796
32850
32862
32924
32978
33084
33102
33134
33136
33138
33142
33182
33214
33310
32771
32803
32909
32965
33009
33067
33099
33127
33289
33313
33319
49384
49559
49563
32894
32936
32942
33212
49374
49690
49369
32848
32940
32942
33118
33306
33330
32879
33063
33161
33249
49384
49291
49367
49461
32922
33086
33254
32951
33167
33195
33239
49180
49212
49392
49406
49628
49692
49241
49243
49357
49429
49447
49481
49483
49491
49495
49539
49551
49571
49645
49667
49697
49699
32850
33086
33200
32779
33077
33275
49297
49367
49579
33174
32791
32803
32879
32957
33079
33301
33341
49396
49357
49367
49447
49493
49497
49527
49577
32940
32942
33044
49254
32950
32825
32913
49168
49326
32842
33332
49324
32996
33196
33202
32769
32815
32879
32885
32911
32947
32981
32985
33041
33059
33091
33097
33143
33153
33285
33301
33313
33325
49700
49712
49297
49367
49529
33012
33036
32821
32903
33011
33171
33193
33203
33207
49382
49388
49167
49209
49367
49447
49457
49491
49493
49495
49497
49563
32784
32850
32948
32984
33072
33078
32929
32931
33057
33191
49608
49610
49679
32948
33108
33272
33332
32901
33235
49170
49176
49430
49393
49575
49673
33064
49153
49169
49205
49461
49553
49671
49683
32830
32994
32821
32857
32885
33111
49384
33066
49588
49167
49205
49229
49295
49411
49429
49461
49493
49703
49707
32870
32940
49497
32824
32850
32894
32922
32990
33010
33012
33014
33040
33084
33116
33142
33144
33210
33212
33226
33230
33242
33274
33308
33342
32897
32899
32901
32911
32915
33027
33131
33159
33197
33219
33287
33291
33329
49168
49176
49182
49244
49266
49274
49308
49370
49406
49434
49468
49496
49500
49596
49598
49662
49710
49714
49716
49718
49722
49726
49153
49157
49159
49187
49189
49191
49193
49285
49351
49417
49431
49451
49485
49537
49569
49579
49585
49587
49639
32946
32948
33077
33237
49205
49299
49461
49675
49681
49685
33236
32809
32911
32917
33101
33169
33287
33309
33327
49324
49326
33266
32821
32879
32893
33021
33071
33075
33111
33179
33229
49272
49318
49342
49526
49612
49660
49686
49694
49537
49569
49633
49665
49697
49701
49707
32952
33012
33086
33140
33230
33340
32783
32803
32879
32889
32897
32915
32951
33077
33099
33299
33319
49716
49409
49435
49491
49529
32814
32940
49382
49384
49708
49153
49163
49263
49357
49369
49461
49491
49497
49527
49529
49563
32940
33222
49187
49205
49263
49367
49433
49435
49463
49581
32850
33148
32769
32805
32929
32961
33077
33167
33191
33289
49716
49722
49583
32866
33334
49226
49238
49272
49274
49326
49330
49416
49646
49684
49722
49726
49283
49557
49577
49667
32796
32798
32818
32820
32850
32880
32916
33022
33040
33044
33110
33144
33212
33294
33332
33334
33336
32803
32833
32899
32901
32939
32963
32967
32993
33009
33025
33029
33061
33065
33191
33195
33197
33203
33219
33285
33321
49264
49334
49456
49522
49558
49612
49616
49281
32950
32803
33191
49652
49497
49525
32790
33328
33133
33203
33207
49338
49575
49583
49591
32940
32942
33191
49600
49289
49587
32850
32942
33191
33287
49350
32978
32984
33036
33118
32817
32909
33077
33285
49368
49590
49606
49608
49165
49167
49225
49253
49269
49317
49413
49421
49451
49493
49511
49635
49673
49679
32907
32985
33141
49232
49326
49486
49686
33002
33246
32771
32787
32819
32821
32897
32911
33025
33033
33059
33107
33139
33285
33299
33301
49234
49262
49362
49426
49718
49189
49509
49549
49575
49607
32966
33234
33260
33262
33264
33266
33059
49568
49167
49187
49205
49267
49297
49461
49463
49639
49703
33000
33014
32827
32879
32907
32919
32971
32985
49198
49316
32942
32913
49382
49610
49614
33020
33096
32877
33047
33077
33111
33157
49168
49176
49214
49234
49238
49298
49330
49332
49644
49712
49185
49197
49199
49385
49447
49449
49577
49581
49591
33066
49382
49610
49628
49295
49301
49449
49483
49491
49495
49683
49685
49687
32946
33011
49270
49330
49716
49189
49365
49481
49485
49491
49539
49595
32934
32948
32960
49182
49398
49470
49566
49596
49658
49724
49209
49227
49289
49291
49317
49355
49361
49413
49443
49445
49447
49451
49455
49461
49483
49507
49569
49637
32948
33224
49594
49596
49153
49205
49297
49299
49413
49461
49673
49703
33000
32769
32779
32913
32917
33079
33099
33111
49324
49642
32948
33254
33266
32797
33203
33207
33237
49198
49324
49330
32848
32856
32942
32944
33270
32865
32899
33287
33291
16442
16472
16558
16586
16648
16774
16629
16813
159
16398
16416
16426
16432
16464
16470
16558
16656
16696
16718
16786
16385
16387
16615
16625
46
72
178
238
264
284
418
444
16398
16685
16821
456
149
493
16472
16540
16634
16734
16764
16870
16387
16431
16523
16547
16553
16559
16581
16645
16647
16683
16713
16745
16781
16783
16785
16839
16941
37
53
207
227
311
529
16466
16472
16827
16893
58
110
200
204
210
216
264
270
272
282
478
508
247
425
513
555
16693
16849
16903
351
16398
16586
16785
112
206
212
338
342
474
540
131
135
449
465
487
16582
16385
16811
322
61
123
16398
16418
16426
16430
16434
16462
16492
16510
16516
16522
16528
16534
16586
16588
16590
16594
16604
16648
16650
16652
16654
16666
16696
16710
16724
16726
16756
16774
16778
16794
16796
16854
16890
16617
16623
16769
16907
16943
29
53
55
129
139
533
16428
16468
16492
16494
16602
16604
16652
16656
16724
16874
16894
16385
16643
22
28
152
334
340
344
374
444
13
39
77
257
259
325
355
16412
16502
16596
16756
16914
16948
16387
16577
16691
58
88
178
474
147
151
263
529
16432
16462
16556
16562
16722
16926
415
16492
16590
16771
16797
29
345
16735
40
202
298
359
471
16863
23
249
533
16418
16560
16611
32
268
16398
16468
16558
16604
16606
16650
16716
16758
16926
16385
16577
16807
351
16630
16814
16826
16894
16407
16411
16437
16487
16551
16565
16675
16691
16779
16783
16917
16925
16933
292
143
403
16413
172
174
200
202
290
314
358
427
555
16950
16437
16499
16699
16827
516
564
429
437
16420
16492
334
135
535
16389
16697
160
541
16442
16482
16492
16494
16502
16556
16562
16570
16584
16586
16590
16596
16650
16652
16714
16724
16726
16750
16788
16796
16826
16854
16888
16950
16952
16385
16449
16513
16515
16621
16739
16811
4
255
511
16612
16883
31
251
16432
16552
16678
16807
16821
93
313
16416
450
143
145
16395
16399
16431
16437
16451
16493
16499
16507
16577
16579
16751
16779
16913
14
76
84
124
156
168
176
182
204
272
286
302
312
332
334
340
342
376
510
3
235
247
489
519
521
545
32
16400
16408
16432
16552
16560
16570
16580
16584
16646
16656
16660
16668
16712
16716
16744
16782
16826
16918
16920
16609
16617
16627
16641
16801
48
98
116
172
340
366
372
378
530
65
131
427
429
453
212
372
11
129
389
471
16442
16464
16490
16586
16602
16636
16750
16453
16545
16617
16625
16679
16711
16821
16827
16841
204
366
243
297
403
435
457
481
16474
16510
16572
16600
16604
16834
16858
16862
16922
16529
202
16738
198
426
349
461
16736
27
16407
550
123
541
16390
16548
16521
16631
16843
88
90
412
494
43
73
101
131
147
167
361
425
557
16385
16405
16409
16861
16883
7
21
71
85
97
147
149
151
197
275
291
297
311
335
337
367
385
16418
16727
265
473
529
16550
162
480
16456
16576
16774
98
16464
16954
16956
16691
16773
16817
16903
16937
186
322
394
523
16646
16672
16695
263
473
529
16467
16531
16861
245
407
16428
16826
16942
46
23
475
16710
16762
16948
16535
16903
224
16527
16885
16891
16939
58
372
17
16398
16510
16560
16584
16586
16788
16385
16421
16611
16771
16837
16841
200
202
204
272
300
304
338
360
372
378
398
1
243
247
425
455
555
16448
16799
16855
191
16590
16638
16656
16920
16437
16625
16843
125
445
16430
16786
122
172
566
107
151
305
403
421
16388
16566
76
180
276
304
324
342
360
378
400
564
247
249
527
16928
16829
568
139
443
543
16448
16818
16813
16913
375
405
16482
16586
16728
16736
16924
16950
16627
16801
204
270
458
235
417
16847
16925
31
16898
16407
16785
514
533
16442
16544
16604
16954
16393
16405
16685
174
200
332
336
392
147
233
16413
16695
64
317
16925
228
281
541
16498
16570
16588
16650
16744
16773
16845
16901
338
356
414
3
143
423
449
519
551
557
16406
16480
141
145
557
16720
16809
16893
28
58
88
156
216
1
65
263
307
313
315
16608
51
113
153
497
16413
16457
16527
16587
16749
16837
65
131
135
175
16397
16517
16527
16685
16759
16841
16921
16939
480
492
201
387
425
429
433
16492
16564
16604
16778
16880
16886
16545
16709
16929
96
16650
16541
16725
16857
450
143
305
309
553
16512
16893
162
16637
468
490
141
145
265
299
575
16411
16529
16531
16935
7
299
477
16558
16586
16588
16598
16720
16726
16728
16750
16756
16762
16862
16908
16958
16425
16551
16801
16931
70
202
214
266
288
338
378
241
16551
16863
407
16927
27
473
16441
16753
16883
124
268
270
272
312
390
536
572
1
427
499
555
16431
16849
16853
16893
202
446
251
421
49241
49379
49725
32918
32984
33002
49452
49466
49582
49612
32923
49300
49302
49336
49502
49688
49690
49423
49427
49431
49521
49573
49633
32918
33040
33076
33092
33100
33112
33328
32999
33253
49414
49706
32898
49574
49636
49687
32863
49277
49305
49425
49633
32800
49588
49688
49692
49335
49381
32908
32912
32916
33010
33286
33320
33324
33326
32897
33057
33193
33197
33201
49566
49708
49551
32828
33202
33228
33276
32883
33073
33339
49576
49622
49277
49687
33176
33339
49396
49371
49659
32830
32956
33278
33286
33318
33322
33328
32775
32801
32805
32813
32843
32853
32931
32937
32973
33035
33169
33187
33195
49262
49284
49290
49372
49708
49185
49249
49317
49379
32768
32810
49216
49448
33294
32857
49226
49346
49418
49452
49480
49648
33010
33046
33300
32841
32973
33161
33225
49407
32944
33008
33070
33118
33182
32871
32971
33035
33249
49570
49225
49257
49483
49489
49527
49643
32768
32780
33040
33017
49172
49464
49560
49578
49582
49293
49487
49601
32774
32790
32874
32980
33064
33092
33298
33322
49458
49574
49618
49231
49323
49687
49707
33186
33188
32773
32891
32921
33047
49346
49590
49249
32912
33119
49480
49618
49721
32813
32851
33111
33139
33165
33169
33255
33259
49196
49704
49567
33183
49282
49312
32798
32940
33286
33302
33332
32971
33057
33097
33101
33221
49152
49652
33024
49282
49410
49508
32770
32960
49304
49407
49659
32898
33324
32955
49564
49644
49720
49249
49389
49513
32998
32991
49292
49680
49263
32770
33207
49154
49678
49265
49523
32976
33162
33192
32929
33333
49612
49373
33151
49152
49639
33152
33055
49408
49721
33172
33198
33210
33214
33342
32843
32931
32947
33033
33229
33231
33313
49204
49302
49392
49394
49398
49500
49566
49628
49692
49720
49225
49249
49261
49263
49267
49353
49355
49569
49571
49633
49641
32927
49206
49392
49460
49502
49526
49255
32880
33309
49152
49480
33286
32857
32891
32989
33053
49279
49401
32908
32988
33108
33340
32869
32871
32973
49210
49374
49392
49394
49492
49662
49159
49163
49171
49263
49487
49519
49609
32790
32912
33270
33340
32955
33331
49334
49392
49558
49662
49720
49219
49255
49355
49609
33180
33337
49279
33156
33206
49248
49704
49389
49619
32928
49152
49590
33204
32827
32841
32845
32857
49344
49506
49659
33226
32971
32973
32989
33219
49154
32798
33010
33014
33118
33188
33242
32775
32853
32931
33031
33037
33045
33067
33127
33129
33163
33303
33319
33327
33333
33339
49156
49506
49572
49574
49582
49301
32998
33152
49438
49337
49633
49641
49705
33070
33206
33019
49472
49590
49223
49255
32768
49604
33008
33266
32853
32857
33103
33139
33303
49668
49193
49215
33305
49152
49248
49284
49548
33326
32859
32955
33081
49723
49408
49570
49309
33092
33148
33268
32967
49664
33188
33053
49288
49660
49694
49163
49427
32898
49242
49296
49302
49306
49374
49396
49398
49590
49676
49688
49708
49157
49159
49217
49223
49421
49447
49453
49475
49483
49485
49509
49537
49619
32994
49154
49323
49549
32826
32862
33048
33076
33106
33118
33136
33180
33240
33342
32839
32937
33185
33329
49164
49198
49204
49470
49512
49329
49647
49679
32890
32950
32984
33206
33208
33342
33037
33219
49318
49535
33220
33316
33235
49375
32904
49210
49228
49238
49560
49622
49702
49708
49187
49345
32900
33040
33216
33334
49343
49407
32864
32891
49438
49704
49706
49267
49641
33149
49211
49237
49241
49329
49335
49369
49525
49529
32886
32906
32920
32809
33133
49386
49390
49396
49558
49562
49594
49157
49159
49163
49169
49175
49265
49281
49351
49355
49415
49417
49505
49605
49637
49697
32768
49280
32952
33020
33294
33336
32813
32839
32845
32935
32961
32969
32993
33131
33133
33161
33171
33173
33181
33227
49582
49660
49243
49365
49501
32896
33280
33284
49328
49458
49530
49660
49704
49377
49441
49519
49635
49637
49643
49651
32863
49244
49298
49702
49708
49195
49335
49391
33128
32841
49517
49531
32768
49344
32828
33198
33202
33204
33242
32853
32921
32971
33037
33045
33257
33301
33313
33323
33329
49708
49263
49519
32788
32814
32854
32886
32976
33066
33128
33132
33192
33194
33210
33212
33270
32939
33001
33003
33007
33009
33223
33333
32820
33190
33194
32783
32839
32873
32879
33039
33159
33329
49374
49394
49534
49628
49630
49670
49676
49682
49684
49686
49702
49704
49726
49191
49227
49315
49323
49423
49517
49549
49555
49585
49633
33230
32921
33037
33039
33045
49629
32984
33114
33190
33242
49590
49630
49361
49389
49709
33314
33322
33324
33075
49716
49726
49241
49429
49513
49583
49647
32844
33162
33316
49407
33008
33052
33284
33324
49535
33014
32827
32949
32985
33051
33091
