4 63 2 1 3
4 50 4 3 3
4 69 1 1 3
4 59 2 1 3
5 54 4 4 3
4 64 4 5 3
4 50 1 1 3
4 48 1 1 3
5 51 4 4 2
5 65 4 5 3
5 80 4 3 3
4 43 2 1 3
4 60 2 1 3
4 59 1 1 3
4 64 2 4 3
3 34 4 4 3
4 37 2 3 3
4 32 1 1 3
4 32 4 3 3
4 37 2 1 3
4 64 1 1 3
4 51 1 1 3
4 59 2 1 3
4 63 4 4 3
4 36 4 5 3
5 40 4 1 1
4 77 4 4 3
4 54 1 1 3
4 41 3 1 3
5 75 4 5 3
5 73 4 5 3
4 47 3 1 3
5 61 4 3 3
4 32 1 1 3
5 75 4 3 3
4 54 1 1 3
5 55 4 4 3
4 68 4 5 3
4 48 1 1 3
5 42 4 4 3
4 46 1 1 3
5 85 4 4 3
5 57 2 4 3
5 55 4 4 3
3 53 4 3 3
5 63 4 3 3
4 45 2 1 3
5 53 3 4 4
4 68 2 1 3
4 65 2 3 2
4 49 1 1 3
5 83 3 3 3
4 24 2 1 2
4 52 1 1 3
5 47 4 5 3
4 30 1 1 3
6 41 3 3 2
5 34 4 5 2
4 60 4 5 3
2 49 2 1 2
4 49 4 4 3
4 76 4 3 3
5 66 4 5 3
4 44 2 1 2
4 46 3 1 3
5 40 1 4 3
4 49 4 4 3
4 56 2 4 3
5 54 3 5 3
4 59 3 4 3
5 56 4 2 3
5 62 4 4 2
4 70 4 4 3
4 41 2 1 3
4 66 4 5 3
5 61 4 5 3
4 42 3 4 3
4 61 3 4 3
4 81 1 1 3
4 46 2 1 3
4 35 2 1 3
5 60 4 4 3
4 50 4 5 3
4 53 2 1 3
4 45 1 1 3
4 49 2 1 1
4 47 1 1 2
4 49 4 4 3
4 62 2 4 3
4 58 2 1 3
4 43 1 1 3
5 66 4 5 3
4 49 3 1 3
4 44 2 1 3
5 55 4 5 3
5 80 4 4 3
4 59 2 4 3
5 34 2 1 3
4 41 2 2 3
4 35 1 1 3
5 87 4 4 3
4 57 4 4 4
5 86 2 1 3
4 36 3 1 2
4 35 1 1 3
4 39 1 1 3
5 66 4 4 3
4 69 2 1 3
3 45 2 1 3
4 56 3 1 3
4 22 1 1 3
4 41 2 1 3
3 33 1 1 3
3 39 1 1 3
3 68 1 1 3
6 41 2 1 3
4 57 2 1 3
5 63 4 4 3
5 54 4 4 3
5 55 4 5 3
4 45 2 2 3
4 49 1 1 3
5 60 4 3 3
4 42 2 1 3
5 47 4 5 3
5 72 4 5 3
4 19 3 1 3
5 61 2 4 3
4 68 4 4 3
5 86 3 4 3
5 69 4 3 3
5 59 4 5 3
5 67 4 5 3
4 46 4 4 3
5 66 4 4 3
5 65 4 5 3
4 38 2 1 3
4 43 4 3 3
4 62 4 5 3
4 50 4 5 3
4 70 1 1 1
5 86 4 5 3
5 73 4 4 3
4 46 2 3 3
4 45 2 1 3
6 63 1 1 3
5 83 4 4 3
4 62 2 4 3
4 38 2 3 3
4 70 4 2 2
4 39 4 4 3
3 23 1 1 3
5 52 4 4 3
4 31 1 1 3
5 50 4 3 3
5 68 4 4 3
5 77 4 3 4
4 55 1 1 3
4 36 2 3 3
5 46 4 4 3
5 75 4 3 3
5 78 4 4 3
4 46 1 1 3
4 48 4 5 3
5 74 4 3 3
4 45 1 1 3
