16388
16406
12
16388
16388
16392
16391
8
9
16400
16409
10
16406
10
16394
0
16395
16401
16403
16407
16409
16411
21
16392
2
21
16386
22
16390
16404
16412
22
16388
16405
3
25
16386
16412
16387
16393
16386
16385
16395
16407
16411
32788
32775
32793
49154
32775
49172
49153
32770
49158
32773
49181
32770
32784
49167
49173
32768
49170
32792
49159
49169
32774
32771
49169
49181
32774
32777
32781
32785
49174
32770
49157
32786
32789
49152
32769
32771
32779
32785
32795
49158
49180
49153
32784
16393
12
16410
16386
16399
2
5
19
16408
12
16386
16412
16385
2
5
16388
16408
16385
16402
16412
21
16384
16406
16387
2
9
16402
5
16386
16401
16385
8
16384
32772
32778
49164
32778
49168
32776
32796
32769
32779
32787
32795
49155
49167
32792
49181
32772
32790
32769
32783
49181
32769
32771
32785
32793
49156
49179
32778
32790
49174
49155
49165
49174
49159
32796
32783
32768
49155
49165
49173
32778
49168
49153
32777
32781
32791
32797
