1100101000100000101010010101000010001000010000110001100000101100000000101000001000010110000000100000000010000000000000001000000000001000000001101000011101001010111111000100011010100000101000000000110000000010000100000000011001100010000000000110100010001010
1000010000101100100010000101100101110001101010010000000100111100010100000001000001000001000000000100110010000011001101100000000010110110010100000000010000000000000000000000010000000001110110100000010000000001000010000000000000000000001000100011100000001011
0000000110111010111000100011101100100111001011000101000001000001001010011000000000000101100000110110001011000000001000010000000011000011000100010000010011100100000010000000000001001100000000100000000100010100000100000000010000000000000010001010000000000000
1010100000001100011100000000100010000100000000000100000000100000010000011000000000100000000001110010000001000100000010000001111110000010000100010100000101000100010000001011001111010100000000010011000000110000001001000101110100000000010100010000001011111000
1010000000101010111000100100000000100001001010000000100001000000100010111001010000000001010100011110101000000100000010000011001011000100100100000101000100000011000000001010001011000000000010000000010010100111000001100000010000000001011000000100000000110000
0000000000000001101000100000110101101000100010000000100000010100011001000000011000010111000100000100110001100100000000011000000000000111000100000000001111000100000100000000000111100010001000100000000010110001000000000000010001111100000000000011100000011010
0100100000001010011001010001010001000100011000001000010010001000000000000100010001000110011000101000110001000000100100000000001001000000101101000100000000000100000010100010011010010000000000101101000110000100100100000010010000000001100100011010010000000110
0001100000000100100001101100000110100101000010000001100000011100000001000000010000011000010100001001010000001000000001010010001010001110000000100011000000000011000010010010010101000100100000100010001000111000101000000000111100010100100000000100000000001000
0000101101100100011100001100100100100001000010110011001000000110010010100000000110101000000000000100001101001000010000000100010011100101010111000101000001010010010000100000000000010000000000100000000010111000000000001000011000001100100100000001001000001000
0000010000001100000100000100110010010010000111001000000100011100000000000111010000001100001100101001001001000000001001010000000010000110000000010101000000100000010000100000001001010001000000000001000101101000010100010000000010000000001001110001100000011111
0000000001100001010100000001000001100000111000010000001100000000000000110000100011000001000110000001000001010001000011110110000100111000000101110000100101000000100000000000100011000110110011000000010000000100000100001100010000000100000100000010000100011001
