001010001001001
001010010010001
001100001001001
001010001001001
010010010010001
001100010100001
001010001001001
001001001001001
010010010010001
010100010100001
010010010010001
010100010010001
001001001001001
001010001001001
001010001001001
001100001010001
001001010010001
001001001010001
001001001001001
010100010010010
001001010010001
001001001001001
001100001001001
001010001001001
001010001001001
001010010010001
001001010100001
010001010001001
001001010010100
001100010010001
001010001001001
001010010010001
001001010001001
010100010100001
010100010100001
001001010001001
010010010010001
001001001001001
001010010010001
010100010010001
001010001001001
010010010010001
001100010100001
001001001001001
010001010010001
001001001001001
010100010010001
010010001010001
001010001001010
010010010010001
001010001001010
001010010010001
010010010010001
001001001001001
001010001001010
001001001010010
010010010010100
001100001001001
001100001010001
001001001001001
010100010010001
001001001001001
001010001001001
010001010100001
001001001001001
010010001010010
010010010010001
100001010010001
010001010100001
001010010100001
001001001001001
001001010010001
001100010010001
010100010100001
001001001001001
001001010001001
010001001010001
001001010010001
001010001010001
010010010100001
001010010010001
010010010010001
001010010010001
001001001010010
010010010010001
001100010010001
001001001001001
001100010100001
010010010100001
001001010010001
001010010010001
010010001010010
001100001001001
001001001001001
001001001001001
010010010010001
001010010100001
001010001001001
001001001001001
001001001001001
001001001001001
001001010010001
001010001010001
001010001001001
001001001001010
001001001001001
010100010100001
001001010001001
001001001001001
010010010100001
010100010010001
001010001010001
010001001001001
001001001010001
001001001001001
010100010010001
001010010010100
010100001001001
001001010001001
001001001001001
001001001001001
010100010010001
001100001001001
001001001001001
001001001001010
001010010001001
010001001010001
100100010010001
001001001001001
010100001100010
001010010010001
001001001001001
001001001001001
001001001001001
001100001001001
100001001001001
001010001001001
010010010010001
010010010010001
010010010100001
001001001010001
001001001001001
010010010010001
001001001001001
010001010100001
010100010100001
001001010001001
001010010010001
010010001010001
001100010010001
010100010010001
010100010010001
010010010100001
010100010100001
001001010010001
001010010010100
010100010010001
010100010100001
001001001001001
001001010010001
001010010100001
001010010100001
001100001001001
010100010100001
010100010010001
001001001010001
001001001001010
001001001001001
100010001001001
010100010010001
001010001010001
001001001010001
001001001001010
001100010010001
001001010010001
001001001001001
010010010010001
001001001001001
010010010010001
010100010010001
010100010010100
001010001001001
001001001010001
001001001010001
010001010010001
010100010010001
001001001001010
010100010010001
001001001001001
001100010010010
001001010100001
010100010010001
001001001001001
