16416
16440
16454
16472
16403
16423
16443
16459
16
20
34
54
56
72
19
23
33
37
75
16388
16444
16456
16472
16435
56
72
13
15
39
49
75
16388
16416
16440
16472
16403
16423
4
16
52
54
56
68
72
19
33
75
16440
16456
16472
16387
16397
16399
16417
16433
16459
16461
4
56
68
72
29
75
16388
16436
16440
16397
16403
4
88
21
77
16388
16440
16454
16472
16393
4
20
52
72
13
39
16384
16388
16424
16440
16456
16472
16387
16399
16459
4
22
30
48
56
72
15
19
39
51
75
16388
16414
16430
16399
16451
16
56
72
88
15
23
49
75
16384
16418
16440
16456
16472
16387
16399
16403
16417
16437
16459
13
49
75
16388
16408
16442
16456
16387
16399
4
30
32
60
88
15
19
39
77
16404
16438
16440
16470
16472
16387
16397
16417
16459
16461
16
54
56
72
86
88
13
19
33
39
75
16388
16424
16440
16444
16454
16456
16472
16421
16423
16459
16461
86
11
13
16472
16397
16399
16433
16459
16461
4
16
20
56
66
68
72
76
33
75
16388
16400
16436
16440
16385
16397
16403
16423
16459
16
56
72
86
13
19
33
37
39
75
16413
16427
4
20
52
56
68
72
19
37
75
16388
16440
16442
16456
16460
16472
16387
16399
16403
16417
16459
56
88
21
16388
16436
16397
88
13
15
49
75
77
16388
16400
16436
16438
16440
16452
16456
16460
16403
16423
16459
4
52
13
33
39
75
16388
16400
16404
16440
16452
16456
16460
16403
16417
16459
4
20
40
56
58
72
88
3
15
37
75
16430
16462
16399
0
34
40
54
56
88
15
16440
16472
16397
16399
16433
16459
16
20
34
54
56
72
88
15
19
23
49
71
75
16438
16440
16470
16472
16413
16459
16461
4
30
15
21
39
16388
16400
16440
16452
16456
16399
16433
16459
4
56
68
72
15
49
16384
16388
16440
16456
16387
16459
4
56
68
72
15
49
75
16424
16385
16399
16423
0
4
72
17
16430
16444
16403
16
34
56
72
13
19
33
39
75
16440
16454
16462
16472
16423
16459
16461
56
72
13
15
49
75
77
16388
16400
16404
16436
16440
16452
16456
16421
16423
16459
4
16
52
66
68
72
19
33
16384
16424
16440
16472
16387
16399
16459
4
30
72
3
15
33
75
16388
16436
16440
16397
16417
16423
16459
4
30
40
56
72
86
88
3
15
25
39
51
75
16388
16404
16418
16440
16442
16456
16472
16387
16399
16401
16435
16455
16459
56
72
13
15
19
49
75
16388
16400
16436
16440
16452
16403
16421
16459
52
54
13
16400
16404
16438
16440
16456
16470
16397
16403
16417
16421
16423
16459
16
20
54
56
72
13
33
39
75
16400
16440
16456
16472
16399
16407
16421
16433
16459
0
4
34
58
16384
16438
16440
16456
16472
16399
16417
16423
16459
16
20
34
54
56
72
13
19
33
39
75
16440
16456
16472
16397
16399
16417
16433
16459
4
16
20
34
56
68
72
49
75
16388
16424
16440
16456
16470
16472
16387
16399
16401
16403
16417
16451
16459
4
52
56
13
37
75
16388
16406
16414
16424
16440
16456
16470
16472
16399
16409
16423
16435
16459
16469
32786
49157
32786
32799
49225
32786
49209
32857
49207
32806
49207
32857
49226
32786
49157
32841
49154
49190
32806
49170
32780
32782
49166
49236
49154
32825
49154
49190
32857
49166
32786
49154
49190
32823
49154
49190
32825
49190
49154
49188
32823
49207
32770
32806
49226
32786
49225
32850
32775
32783
32845
49170
32818
32835
32857
49226
32857
49154
49188
32786
49190
32821
32857
49157
32823
49226
32825
49154
49188
32806
32835
32853
32770
49226
32770
32804
49169
32823
49157
32841
49209
32823
49225
32782
32826
49157
32842
32857
49226
32782
32857
49225
32786
16402
16452
16458
16397
16405
16407
16441
16451
16471
2
4
12
18
36
68
74
76
88
15
21
23
31
33
41
53
55
57
71
73
87
16434
16452
16458
16471
0
14
18
36
38
74
5
13
21
23
31
41
57
16384
16420
16422
16458
16460
16472
16399
16401
16405
16407
16417
16425
16435
16437
16439
16441
16457
16471
50
74
13
41
49
16384
16420
16422
16458
16460
16472
16399
16401
16405
16407
16417
16437
16439
16457
16471
2
4
12
18
36
68
74
76
88
15
21
23
31
33
41
51
55
57
71
73
87
16386
16388
16402
16420
16452
16458
16401
16405
16415
16425
16439
16441
16457
16471
50
74
13
16402
16422
16434
16450
16458
16397
16407
16415
16433
18
36
58
74
76
88
15
21
23
31
33
41
55
57
67
71
73
85
87
16420
16422
16442
16458
16472
16399
16405
16417
16439
16451
16469
16471
2
68
74
13
21
41
85
87
16422
16434
16450
16458
16468
16397
16407
16415
16433
16439
16441
16457
0
18
36
38
74
76
88
15
17
21
23
33
41
53
55
57
71
73
87
16398
16402
16420
16452
16454
16458
16397
16405
16407
16415
16425
16441
16471
14
68
72
74
21
31
49
57
87
16386
16388
16396
16402
16418
16420
16452
16458
16460
16472
16399
16405
16407
16415
16417
16425
16433
16435
16439
16441
16455
16457
16471
18
50
66
74
84
17
21
53
55
73
16398
16434
16415
14
18
36
68
70
74
13
23
31
35
41
57
87
16386
16398
16420
16452
16458
16397
16405
16407
16425
16433
16471
14
16
18
36
38
68
70
72
74
13
23
31
41
49
57
87
16386
16398
16452
16458
16397
16405
16469
16471
12
18
36
66
74
84
88
15
17
21
31
33
41
53
55
57
71
73
87
16388
16402
16420
16442
16458
16460
16472
16399
16405
16407
16417
16425
16439
16441
16451
16455
16457
16469
16471
18
36
58
74
76
88
15
21
23
33
41
53
55
57
67
71
73
16398
16452
16458
16397
16405
16469
16471
36
58
74
88
15
17
21
33
41
53
55
57
71
73
87
16420
16434
16442
16450
16458
16472
16401
16405
16415
16417
16425
16437
16439
16441
16457
0
18
36
38
74
76
88
15
17
21
23
33
41
53
55
57
71
73
16398
16452
16458
16397
16405
16469
16471
2
14
74
13
21
87
16402
16420
16458
16460
16397
16407
16425
16433
16439
16441
16457
14
41
16386
16398
16402
16420
16452
16454
16458
16397
16407
16415
16425
16435
16441
16471
36
50
68
74
31
87
16402
16434
16415
16441
16471
2
4
36
38
68
74
76
88
15
21
23
31
33
41
55
57
71
73
87
16402
16420
16442
16458
16472
16399
16401
16405
16417
16425
16437
16439
16441
16455
16457
36
50
68
74
87
16420
16422
16442
16458
16460
16472
16399
16405
16407
16417
16425
16439
16441
16451
16455
16457
16469
16471
0
14
18
68
72
74
21
57
87
16384
16420
16442
16458
16460
16397
16401
16405
16407
16417
16425
16437
16439
16457
18
36
58
74
76
88
17
21
33
41
53
55
57
71
73
16388
16420
16442
16452
16458
16460
16399
16405
16407
16415
16417
16425
16439
16441
16451
16457
16469
16471
14
68
72
74
13
87
16420
16434
16452
16458
16471
4
18
34
36
74
76
88
15
21
23
33
41
51
53
55
57
71
73
87
16402
16420
16434
16450
16458
16468
16405
16415
16425
16437
16439
16441
2
14
36
68
70
74
13
23
31
41
49
57
85
87
16402
16420
16422
16442
16458
16460
16472
16399
16405
16407
16417
16425
16439
16451
16455
16457
2
4
12
18
34
36
68
74
76
88
15
21
23
31
33
41
51
55
57
71
73
87
16386
16388
16396
16402
16418
16420
16452
16458
16460
16472
16399
16405
16407
16415
16417
16425
16439
16441
16455
16457
16471
2
4
12
18
34
36
68
74
76
88
15
21
23
31
33
41
49
51
55
57
71
73
87
16388
16402
16420
16442
16452
16458
16460
16405
16407
16415
16417
16425
16439
16441
16451
16457
16469
16471
14
18
36
68
74
13
23
31
35
41
49
57
87
16402
16434
16458
16460
16397
16415
16425
16441
36
38
50
66
74
84
13
23
31
41
55
57
73
16434
16452
16458
16471
18
36
58
74
88
15
17
21
33
41
53
55
57
71
73
16386
16388
16396
16402
16418
16420
16452
16458
16460
16472
16399
16405
16407
16415
16417
16425
16435
16439
16441
16455
16457
16471
18
36
38
58
74
76
88
15
21
23
33
41
55
57
67
73
85
87
16402
16420
16442
16458
16472
16399
16401
16405
16417
16425
16437
16439
16441
16455
16457
18
36
50
66
68
74
84
31
35
41
55
57
73
16402
16420
16434
16442
16458
16472
16401
16405
16417
16425
16437
16439
16457
18
36
58
74
88
15
17
21
33
41
53
55
57
71
73
16420
16422
16434
16450
16458
16397
16407
16415
16425
2
4
18
36
38
68
74
76
88
15
21
23
31
33
41
55
57
71
73
87
16402
16442
16452
16458
16397
16405
16469
16471
0
18
36
38
58
74
88
5
13
21
23
41
55
57
16386
16388
16402
16420
16442
16452
16458
16460
16472
16399
16405
16415
16417
16425
16439
16441
16455
16457
16471
18
36
58
74
88
15
17
21
33
41
53
55
57
71
73
16434
16452
32808
49192
32808
49189
32771
32807
49189
32790
32824
49192
32843
49192
49171
32843
49192
32827
49174
49211
32787
49182
32824
49189
32793
32797
32845
32847
49208
32790
49227
32788
49208
32771
32807
49171
32771
32845
49208
32848
32857
49192
32798
32857
49238
32808
49227
32843
49171
32805
49194
49198
49155
49179
32843
49208
32808
49238
32787
49208
32805
49227
32843
49238
49241
32824
49178
49234
49177
49195
32787
49216
49234
49231
32805
49189
32822
32839
49180
49198
49230
49155
32788
49238
49211
32824
49208
32808
49208
32800
32827
32843
49206
32808
49192
32822
49208
32808
16440
16472
16403
16417
16443
16461
2
12
22
40
46
48
56
1
19
21
37
69
77
89
16392
16462
16461
2
12
14
48
54
56
86
1
17
19
77
16447
16453
2
14
38
58
7
19
77
16440
16444
16469
16471
6
22
27
16432
16401
16427
16461
16469
78
19
75
87
16448
16471
2
1
61
75
77
16418
16432
16440
16472
16421
16443
16459
16461
12
22
50
56
76
35
16448
16417
16461
43
65
16391
16393
16449
50
16434
12
1
19
47
67
16396
16432
16403
16419
16421
16453
16463
48
61
65
16434
16438
34
88
59
77
16387
16421
16471
22
48
50
35
43
16386
16390
16432
16385
16403
16421
16453
16461
50
52
17
16417
16461
50
56
72
16386
16398
16416
16432
16470
16403
16405
16421
16453
16461
16469
48
50
52
1
17
19
16410
16431
16469
48
56
70
78
37
67
75
77
16418
16469
16471
88
19
33
37
59
77
16430
16440
16472
16417
16461
12
40
48
65
77
16386
16414
16432
16403
16421
16445
16453
16461
2
43
77
16431
12
32
40
48
1
37
65
77
16394
16418
16385
16461
50
64
16436
16423
50
52
16395
16429
16469
12
30
42
27
37
77
16392
16406
16414
16426
16419
16453
16467
16469
50
83
85
16388
16418
16472
16399
16401
16461
16471
50
56
1
3
35
16404
16462
16423
16461
50
56
16386
16392
16461
50
3
16418
16472
16399
16421
16443
16461
16471
78
3
87
16398
16416
16432
16440
16385
16403
16405
16461
16469
16473
52
79
16418
16448
16472
50
3
16418
16461
16469
16471
47
77
16392
16431
1
9
37
79
16434
16466
22
48
58
70
65
16393
16453
16463
2
12
30
48
72
77
83
16434
16438
16442
16387
64
16392
16434
16405
30
48
1
19
37
67
75
77
79
85
16401
32825
49188
32817
49170
32836
49220
32784
49165
32784
49209
32834
49165
32784
49201
32791
49225
32824
32826
32844
32839
49209
32836
49170
32781
49152
32836
49209
32780
32821
32839
49218
32768
32834
49209
32804
49157
32773
49225
49218
32768
49168
32852
49181
49223
49237
49177
49193
32773
49200
49224
49187
49205
49223
32784
49225
32781
49225
32841
49157
32781
49188
32836
49193
32768
49182
49223
32825
49225
32784
49193
32773
49236
32834
32768
49165
32784
49228
49223
32784
49236
32852
49168
32768
49236
32784
16400
16460
16405
29
61
87
16418
16452
16387
16443
16465
16471
11
16394
16426
16466
16391
10
47
63
16464
16409
16435
16453
86
9
11
25
69
16428
16446
16411
16471
26
1
3
51
59
69
16448
16462
16464
16409
38
45
51
59
16470
16435
16445
24
25
43
16431
38
37
51
57
61
16462
16449
33
57
61
16430
16389
16471
34
38
7
16402
16413
16
76
27
59
87
16412
16430
16466
16395
16467
42
7
43
16408
16435
16453
16459
43
61
87
16408
16393
16413
16465
6
44
78
16422
16430
16438
16460
16387
16435
16443
16451
34
46
47
16400
16444
16429
16471
22
33
16406
16428
16429
16
30
68
21
87
16410
16418
16411
24
51
63
81
16426
16464
16431
16435
7
29
16409
16431
16473
46
64
16460
16387
16405
16411
16443
81
16400
16430
16429
16471
44
45
16438
16446
16389
16449
34
70
81
16389
16405
16413
16459
69
16410
16422
16435
6
44
54
81
16452
16445
47
63
16446
16431
18
28
80
82
16410
16411
32
33
16406
16422
16426
16435
10
38
51
65
16438
16454
16393
16395
38
42
46
76
78
3
51
59
89
16395
16405
16429
18
74
33
16444
16393
16445
6
64
74
76
16392
16412
16391
16409
16449
16465
26
21
75
16408
16409
22
7
16406
16414
16416
16428
16395
44
80
57
61
16390
16400
16387
16471
28
44
51
59
16392
16418
16458
16460
16429
30
38
11
63
16422
16448
16387
16409
16421
32852
49188
32808
49167
32834
32852
49164
49210
32841
49154
32804
49154
32845
49207
49225
32820
32852
49225
32839
49218
49175
32818
32820
32803
32805
32807
49188
32808
49175
32808
49188
32856
32839
32820
32834
49210
32804
49188
32770
32780
49165
32826
49167
32781
49192
32768
32823
49165
32804
49223
32808
49225
32826
32840
49192
32804
49192
32804
49165
32856
32783
49188
32804
49164
49210
32772
32854
49188
32783
49156
49164
49169
32838
32803
32807
49156
49169
32841
49192
32808
49154
32834
32791
49192
49187
32826
32809
49218
32783
49192
32856
49192
32804
49164
49204
49210
49241
32838
32791
32809
49188
32770
49192
32823
32841
16420
16436
16470
16469
16473
52
56
45
16396
16398
16434
16436
16448
16466
16419
16463
16473
45
65
83
16386
16428
16436
16452
16456
16405
16473
52
60
21
29
16462
16449
16467
42
60
70
16410
16436
16447
38
64
82
21
25
63
16416
16436
16456
16425
16473
14
52
62
27
35
89
16436
16470
16449
16469
14
36
52
70
27
35
89
16412
16442
16466
56
21
35
59
89
16408
16434
16444
16449
10
52
56
67
89
16384
16436
16440
16454
16463
16473
25
43
47
79
89
16386
16412
16438
0
12
52
86
16428
16442
16448
16466
10
26
42
41
16412
16436
16466
16451
2
72
7
16447
16459
16473
42
52
58
81
16410
16422
16436
16451
16473
52
35
65
83
16384
16431
16459
14
24
52
56
70
89
16436
16440
16419
16429
16473
52
60
68
86
35
16456
16393
16469
48
64
7
89
16436
16462
16389
16473
2
44
64
82
1
61
16398
16436
16448
16466
16419
16445
44
58
16436
16429
16449
16473
52
58
9
25
16410
16454
16467
60
35
65
16396
16462
16449
16473
10
52
56
70
45
89
16396
16436
16452
16466
16431
52
64
82
43
79
16436
16442
16456
16466
16407
44
52
25
61
16420
16440
16454
16449
52
25
43
79
16436
16448
16466
16407
16419
16463
28
65
89
16447
16449
16467
36
11
35
47
75
89
16420
16436
16440
16454
16419
16443
16473
6
70
80
16396
16426
16430
16451
16473
58
68
72
16385
16389
16451
52
5
27
16411
16459
52
72
16412
16466
16393
0
52
82
89
16430
16436
16442
16448
28
52
58
76
16386
16430
16448
16385
10
52
56
67
89
16394
16454
16449
16451
16473
42
52
58
5
23
89
16428
16385
16391
16409
16445
44
48
82
41
16386
16436
16385
16445
32790
32787
32781
49174
32779
32819
49171
32798
32781
49174
49189
32787
49218
49169
49185
32781
49155
49203
49174
32800
32802
49189
32802
49189
32856
49240
32798
32781
49171
32787
49218
49236
49185
32786
32836
32819
49174
32787
49184
49203
32781
49174
49189
32786
32825
49182
49165
32781
49192
32800
32802
49165
49209
32856
49205
32834
32785
32789
32801
49174
32819
32855
49240
32781
32785
49165
49169
32798
32781
49218
49185
49221
32805
49205
32856
49218
49185
49221
32772
49186
49165
49169
32856
49205
32805
49240
32781
32823
49165
49169
32781
32785
49174
49189
32819
49218
49169
49185
49168
49220
49203
32784
32802
49171
32802
32828
49172
49191
32781
49218
49185
32802
32841
49156
49185
49187
32819
16396
16400
16418
16438
16452
16385
16399
16435
16455
16471
16
18
34
36
66
68
84
88
15
31
41
49
51
71
87
16396
16400
16418
16426
16448
16435
16
34
38
72
7
87
16400
16416
16418
16460
16462
16391
16399
16409
16435
16455
16471
12
26
32
34
52
15
25
51
16392
16466
16447
12
16
18
36
66
80
15
49
71
87
16388
16400
16402
16420
16452
16472
16399
16415
16443
16455
16471
4
32
3
16438
16447
12
16
34
38
68
7
21
25
41
51
71
87
16396
16418
16452
16464
16466
16435
16447
16
18
34
42
66
68
88
15
31
71
16400
16402
16416
16420
16452
16387
16399
16433
16435
16441
16455
16471
4
18
34
36
56
71
16408
16418
16420
16426
16472
16455
4
16
34
36
64
66
68
88
15
49
71
87
16388
16402
16440
16433
16455
6
16
18
36
42
66
88
71
87
16412
16456
16385
16399
16471
10
12
38
46
15
71
16420
16440
16472
16449
16
18
34
66
68
88
15
31
41
49
51
65
71
87
16400
16402
16416
16418
16420
16446
16472
16433
16449
16455
16471
12
34
42
51
61
87
16396
16416
16418
16448
16452
16399
16435
16455
16469
16471
4
34
36
68
3
15
31
49
87
16396
16400
16402
16418
16420
16422
16442
16452
16472
16399
16407
16415
16425
16433
16435
16455
16471
4
34
54
68
88
1
15
49
71
87
16396
16410
16422
16399
16455
16465
16
18
34
36
66
68
88
3
15
49
71
87
16388
16402
16416
16418
16452
16472
16399
16471
12
16
18
34
36
66
68
74
88
15
31
49
51
71
87
16384
16396
16400
16418
16420
16452
16464
16472
16433
16435
16455
16471
12
32
52
81
16416
16448
16399
16447
38
68
7
61
16402
16420
16450
16452
16472
16399
16415
16433
16435
16449
16455
16471
4
10
16
34
68
88
15
31
87
16402
16416
16418
16420
16446
16452
16472
16399
16415
16435
16449
16455
16471
12
16
34
38
52
58
78
15
41
71
87
16400
16402
16418
16420
16450
16452
16472
16387
16399
16433
16435
16455
16471
12
16
18
34
36
82
11
15
49
71
87
16402
16418
16420
16450
16452
16472
16387
16399
16433
16455
16471
16
18
34
36
66
68
88
11
15
31
51
61
71
87
16396
16400
16402
16418
16420
16444
16452
16472
16399
16415
16433
16455
16471
16
18
34
36
68
88
7
15
25
29
49
87
16384
16400
16418
16420
16450
16452
16472
16399
16415
16433
16439
16441
16455
16471
75
16390
16396
16400
16408
16420
16415
16471
12
32
34
82
15
41
51
63
16388
16402
16418
16420
16472
16387
16433
18
32
34
36
68
65
71
83
16400
16402
16418
16450
16472
16387
16399
16415
16433
16455
16471
18
34
36
68
15
49
71
75
87
16388
16418
16420
16440
16452
16455
16471
12
16
18
34
36
66
68
82
88
15
31
49
51
71
87
16390
16408
16426
16452
16399
16455
16
32
38
46
68
15
51
71
16384
16388
16400
16402
16418
16420
16452
16472
16399
16415
16433
16435
16455
16457
16471
12
16
34
68
72
1
15
41
51
71
16390
16394
16400
16402
16418
16450
16472
16399
16433
16435
16455
16471
18
34
36
68
31
41
71
75
87
16402
16418
16420
16440
16452
16399
16425
16433
16435
16455
16471
38
72
21
51
71
81
16396
16428
16448
4
16
18
34
36
66
68
88
15
21
23
31
49
51
71
87
16400
16416
16418
16387
16399
16415
16433
16435
16441
0
4
16
34
36
66
68
88
15
71
87
16396
16418
16448
16441
16447
16
18
34
36
56
68
88
15
49
51
71
87
16388
16400
16402
16420
16450
16452
16399
16433
16449
16455
16471
4
16
18
88
3
15
31
16396
16428
16389
32785
49221
32798
49221
32788
49169
32782
49202
32785
49169
32785
49166
32838
49166
32782
49166
32781
32815
32845
32805
49165
49219
32782
49166
32782
49169
32838
49172
32803
49222
32838
49172
32803
49221
32788
49222
32785
49155
32782
49221
32801
32835
49166
32838
49166
32788
49172
49182
32837
49222
32837
49166
32837
49154
49165
49199
32837
49165
49219
32854
49200
49225
32854
49189
32838
49221
32805
49221
32838
49166
32785
49166
32798
49241
32837
49165
49219
32798
32823
49241
32785
49187
32837
49169
32805
16386
16396
16431
16443
16
38
52
68
76
23
29
57
87
16386
16402
16416
16418
16420
16436
16452
16458
16435
16441
16457
16471
20
74
76
23
51
16396
16402
16460
16425
16451
16471
20
51
65
16386
16400
16416
16422
16436
16452
16458
16405
16407
16433
16435
16441
16457
16471
2
12
20
74
16404
16418
16436
16452
16472
16435
16471
2
12
52
68
23
49
87
16386
16396
16404
16458
16423
16
18
32
38
52
68
74
76
78
41
73
87
16402
16420
16460
16439
16457
16469
16473
2
12
16
52
68
74
5
87
16384
16400
16422
16436
16442
16452
16389
16407
16433
16435
16441
16457
16471
2
12
18
36
89
16400
16404
16436
16452
16435
16471
2
38
52
70
87
16402
16404
16458
16460
16407
12
20
74
85
87
16386
16396
16436
16452
16458
16443
16469
16471
16
18
34
36
38
52
58
68
74
23
31
41
49
51
55
73
87
16422
16460
16462
16385
16435
16471
12
18
32
23
31
67
16386
16402
16454
16458
16439
16457
16471
16473
12
18
32
36
74
76
41
57
67
87
16400
16402
16418
16422
16436
16452
16458
16460
16385
16407
16425
16433
16435
16471
12
18
32
36
38
76
57
67
87
16386
16396
16424
16452
2
12
88
5
85
16448
16433
12
18
32
36
38
76
67
87
16404
16440
16458
16469
12
14
18
38
74
76
67
73
87
16400
16402
16418
16422
16436
16442
16452
16458
16389
16407
16415
16433
16435
16471
2
4
12
18
32
52
74
76
87
16400
16436
16452
16458
16389
16435
16467
16471
18
36
38
52
68
5
23
49
51
87
16400
16422
16436
16442
16452
16458
16468
16407
16425
16433
16435
16
18
32
34
38
52
68
74
76
23
49
51
73
87
16400
16402
16418
16420
16422
16436
16452
16458
16460
16472
16407
16433
16435
16455
16471
12
14
18
32
36
76
23
41
67
16396
16404
16458
16435
16469
2
12
20
85
16384
16386
16396
16436
16458
16443
16469
16
18
38
52
68
74
76
78
23
41
57
87
16386
16402
16416
16436
16452
16454
16441
16457
16471
12
20
74
39
51
85
16416
16418
16420
16422
16436
16452
16460
16407
16425
16433
16435
16439
16471
12
32
70
76
57
67
85
16400
16402
16418
16420
16422
16436
16452
16458
16460
16407
16433
16435
16441
16471
2
12
18
32
36
52
68
76
73
87
16386
16396
16404
16458
16469
16
18
32
34
36
38
52
68
74
76
1
23
31
41
49
51
57
87
16404
16436
16472
12
14
32
70
67
16400
16402
16418
16420
16422
16436
16452
16458
16460
16407
16425
16433
16435
16457
16471
0
2
12
52
74
85
87
16386
16396
16404
16458
2
12
18
36
38
52
68
76
59
87
16386
16396
16404
16458
2
12
16
18
36
38
52
68
41
49
87
16386
16414
16469
2
12
16
52
68
74
5
77
87
16404
16458
16460
16407
16435
2
12
16
34
52
68
74
49
51
87
16396
16404
16458
16469
16
18
34
36
38
52
58
68
74
76
23
41
49
51
87
16400
16402
16418
16422
16436
16442
16452
16458
16389
16407
16415
16433
16435
16471
2
12
52
74
59
85
87
16402
16404
16458
16460
16407
16425
16435
4
16
18
34
38
52
68
76
23
49
51
57
87
16400
16402
16422
16436
16442
16452
16458
16389
16407
16415
16433
0
2
12
34
52
68
74
85
16386
16396
16400
16402
16418
16436
16450
16452
16458
16433
16435
16471
32843
49227
32843
49189
32818
49227
32843
49208
49165
32854
49227
32843
49227
32787
49227
32854
32843
49238
32828
32779
32793
49227
32828
32848
49227
32843
49238
32818
49205
32854
49202
49238
32771
49227
32854
32843
32854
32843
49238
32843
49227
32818
49221
32854
49227
32771
32805
49171
49205
32854
49227
32843
49189
49209
32854
49190
49208
32816
32805
49227
32854
49227
32824
32843
32854
49165
32854
49227
32854
32843
49200
49189
49158
49176
49198
32787
49227
32843
49218
49222
32824
49238
32843
49238
49227
32821
49227
32818
16396
16414
16472
8
26
16391
16411
24
52
3
71
16384
16410
16389
22
51
71
16394
16387
16467
60
7
16384
16456
16461
14
16460
16387
16425
16441
16455
74
19
87
16414
16464
16425
32
48
68
87
16428
16395
48
21
16424
16405
40
16432
16464
28
32
52
76
57
16424
22
29
57
16398
16387
16391
16473
30
57
16416
16442
16391
0
8
5
16428
16444
16427
24
67
16391
16413
10
26
79
16410
16412
0
26
5
39
16444
16452
16391
16409
4
78
55
57
16416
16436
16465
16471
20
41
16444
16395
16439
0
77
87
16384
16386
16436
16461
60
27
16396
16414
16441
78
11
27
87
16403
16441
62
23
16390
16394
16463
16471
10
30
16408
16410
16449
10
68
74
88
15
16400
16442
16411
48
21
16444
16462
16395
16441
6
26
58
16426
16413
56
77
16414
16420
16458
7
25
27
16436
16421
74
88
25
87
16390
16394
16396
24
26
32
16418
16472
16411
14
18
31
73
16384
16417
80
57
63
16390
16442
16458
16471
28
67
16460
16409
16423
82
55
16404
16472
2
32
52
58
68
21
16416
16452
16460
16407
16441
16451
12
32
58
16404
16436
16452
16465
16471
6
41
71
16416
16391
16395
32836
32844
32769
49227
32840
32769
49202
49222
32781
49165
32770
32800
32806
32789
32799
32823
49222
49153
32785
49154
49204
49218
49220
49167
32804
32836
32856
32815
32819
32823
49189
49237
32781
49154
49167
49183
49193
49201
49223
32821
49221
32768
32781
49205
32781
49220
49226
49159
49237
32818
32803
49224
32814
32827
49221
32805
32857
49168
49170
49188
49190
49204
49220
49183
49207
49209
49219
49225
32781
49169
32785
49206
49224
32800
32820
32842
32853
49156
49186
49167
32781
49165
32779
32795
32815
49224
32770
32804
32783
32839
49234
49240
49201
49223
32780
32794
32840
32853
49206
49222
49224
32837
49165
32803
32821
49205
32783
32817
32841
32853
49170
49188
49240
49199
32838
32799
32827
49166
49222
49211
32834
32846
32823
49206
49227
32781
32807
49180
49222
49211
32854
49206
49189
32781
49202
32773
49221
32798
32857
49221
32821
49204
49206
32837
49169
32785
49224
49189
32785
49154
49162
49161
49193
32840
32844
32787
49166
49168
49222
49183
49193
49219
32854
49218
49205
32854
49169
32821
16404
16442
16468
16397
16423
16471
24
36
42
21
65
83
16444
16462
16395
16417
20
13
19
23
33
37
39
16408
16426
16444
16450
16441
16449
16467
78
80
3
16418
16444
16462
16464
16395
78
80
3
11
16434
16417
16439
16449
16453
82
33
47
16420
16405
16417
16419
34
68
82
13
16412
16420
16411
16425
16449
26
36
52
64
82
84
21
16394
16420
16446
16468
16445
16463
10
50
33
61
79
16407
16417
16457
16461
58
88
13
39
16394
16466
16468
16407
16445
16463
4
16
34
36
21
16388
16420
16452
16397
16405
16435
36
84
21
65
89
16384
16450
16454
16470
16417
42
60
78
65
16420
16462
16395
16405
58
64
82
16424
16403
16417
16421
16423
4
18
34
36
13
21
16420
16401
16405
16417
80
7
11
16414
16450
16468
16397
16403
16417
16423
16441
60
78
80
65
16450
16468
16472
16397
16457
16461
58
66
84
39
55
16450
16464
16387
16449
16467
2
36
13
21
47
16386
16422
16436
16468
16405
16425
16433
36
86
21
33
41
16388
16400
16420
16452
16468
16397
16405
16415
16435
36
21
33
16394
16446
16445
16463
36
70
82
17
33
16398
16420
16401
16405
16417
24
42
74
84
65
83
16388
16418
16420
16436
16452
16468
16397
16405
16471
4
36
52
66
13
21
49
51
16384
16417
16419
16461
50
33
35
61
16386
16388
16420
16405
14
66
86
11
17
33
16420
16470
16405
16417
0
66
84
19
33
39
16394
16466
16445
36
86
21
33
16420
16405
16449
16467
16
66
74
84
23
39
49
87
16434
16401
16407
16417
16461
14
20
58
66
23
39
47
16388
16418
16420
16452
16397
16405
16435
28
36
21
27
31
16426
16450
16464
16468
16435
16449
0
20
66
84
19
33
39
16466
16391
16427
16433
4
36
21
16416
16418
16420
16385
16433
74
82
61
77
16386
16400
16418
16468
16405
16415
16471
28
36
21
27
16394
16434
16468
16417
16461
24
27
16388
16420
16468
16397
16405
16435
16471
66
74
19
33
37
39
16398
16426
16470
16417
50
86
17
33
55
16444
16462
16464
16395
16449
32816
32841
49186
49167
49205
32786
32798
49198
32798
32809
49224
32821
49164
49240
49167
49223
32783
32821
49237
32853
49164
49224
32800
32857
49200
49241
32788
32827
32833
32795
32809
49174
49205
32835
49224
32783
32821
49172
49211
49241
32816
32857
49219
49184
49190
49225
32853
49206
49224
32790
32821
49204
49222
49211
32821
49224
32780
32819
49200
32835
49237
32790
32816
49167
49237
32835
49167
49205
32786
49219
32777
32827
32806
32844
32777
49190
49241
32792
32838
32825
32827
32841
49183
49205
32835
49167
49205
32782
32842
32855
49219
32840
32843
49228
49205
32790
32821
49205
49223
32853
49187
49197
49225
32853
49182
49211
32835
49174
32821
32839
49237
32853
49219
32816
32783
49201
49211
49241
32856
32771
32849
49200
49241
32798
32773
32857
49219
32853
49227
32853
16420
16424
16434
16401
16419
16441
40
50
88
13
17
35
53
16402
16420
16434
16397
16401
16419
16433
16441
40
50
17
31
35
53
69
16398
16402
16416
16454
16468
16401
16419
16457
16473
24
50
84
17
35
69
73
79
16402
16454
16466
16401
16413
2
22
40
48
50
70
17
19
35
37
53
69
16398
16424
16434
16468
16401
16419
16441
16453
16457
16473
40
13
17
31
35
53
69
16402
16420
16434
16454
16397
16401
16433
16457
2
22
40
88
13
35
53
16402
16454
16401
16413
16431
16457
50
60
66
70
78
80
86
17
59
16384
16444
16454
16401
16419
16437
16439
2
22
40
50
70
17
35
53
69
16420
16460
16401
16419
16433
4
50
84
17
35
69
89
16388
16398
16424
16434
16401
16403
16437
40
50
13
17
31
35
53
69
16450
16460
16468
16470
16401
16419
16473
2
22
40
50
88
17
35
39
53
69
16434
16397
16401
16415
16419
16453
16457
18
28
46
17
35
16402
16422
16454
16470
16401
16419
16443
40
50
13
17
31
33
35
39
53
69
73
16398
16414
16420
16454
16468
16401
16419
16433
16441
16473
50
80
86
13
17
47
16384
16460
16397
16401
16419
14
40
50
84
17
35
39
53
69
16388
16402
16420
16454
16401
16461
14
32
70
84
17
35
69
73
79
89
16410
16434
16466
16401
16441
18
36
70
86
17
49
55
16388
16434
16454
16468
16401
16419
16443
16461
36
40
50
17
35
57
69
16424
16434
16397
16401
16415
16419
16437
16453
18
80
13
17
57
16434
16444
16454
16464
16470
16395
16401
16437
28
46
84
17
35
65
89
16388
16420
16401
16419
16453
18
36
50
70
86
17
21
35
59
16402
16420
16422
16434
16450
16454
16468
16470
16401
16419
16473
40
50
17
31
35
53
69
16388
16420
16434
16401
16433
16453
4
50
70
17
35
59
77
16388
16434
16454
16468
16401
16419
16443
16461
4
50
70
84
17
35
59
89
16388
16420
16434
16401
16419
16453
16457
18
36
50
66
70
84
86
17
35
55
89
16386
16406
16424
16434
16397
16401
16419
16437
16453
14
32
62
84
17
57
16398
16416
16450
16454
16468
16401
16419
16441
16473
18
28
46
65
83
16402
16420
16422
16434
16454
16397
16401
16433
16441
40
50
13
17
35
53
16434
16450
16468
16401
16419
16431
16473
2
50
70
86
17
33
35
53
55
69
16388
16398
16434
16454
16468
16401
16419
16443
16473
36
50
66
80
86
17
35
89
16386
16406
16424
16434
16397
16401
16417
16419
16423
16437
16453
18
60
66
78
80
86
16424
16434
16401
16415
16419
16437
16453
16457
4
38
17
16398
16416
16454
16468
16401
16419
16453
16457
16463
16473
40
13
17
31
35
39
53
69
16398
16402
16416
16468
16401
16419
16473
18
36
66
70
84
17
35
49
89
16402
16444
16450
16464
16470
16439
40
50
13
17
31
35
53
69
73
16420
16434
16401
16419
16433
16441
16453
16457
40
13
17
31
35
69
16388
16434
16401
16419
16443
16449
16453
4
40
84
17
35
53
69
16402
16420
16454
16470
16401
16419
16433
16439
16457
32784
49168
32802
49168
32784
49168
32836
49224
32805
32849
32784
49206
49208
32784
49168
32784
49206
49208
32798
32849
49168
32784
49167
32780
49168
32802
49210
49167
49213
32824
32769
49168
32832
32775
32795
32829
49168
32784
49168
32784
49189
49223
32784
49186
32784
49168
32784
49168
32780
32826
49206
49208
32784
49168
32784
49168
32798
32839
49168
32784
49220
32784
49204
49215
32784
49197
49215
32784
49168
32784
49168
32805
49208
49197
32784
49186
32784
49220
32784
49168
32836
49220
49168
32822
32824
49168
32802
49239
32784
49220
49239
32822
32824
16420
16397
16405
16443
61
67
69
77
79
16402
16397
16405
2
64
82
13
79
16430
16409
70
13
21
55
16430
16451
16463
60
11
13
59
16402
16454
16397
16405
16425
13
15
41
16388
16414
16468
16419
70
11
45
47
16397
16405
30
48
60
17
35
37
53
16404
16414
16424
16444
16419
16453
10
62
13
67
16388
16468
16423
16437
16473
60
70
80
13
16402
16420
16454
16397
16405
24
30
47
16402
16397
16405
16451
4
30
40
48
58
17
35
53
69
16398
16414
16424
16434
16468
16401
16419
16421
16473
4
40
48
84
19
16414
16424
16444
16462
16464
4
20
58
37
53
69
16444
16462
16464
16397
30
40
50
39
67
69
16445
16451
16453
16463
13
21
67
16426
16444
16395
10
62
13
67
73
16394
16446
16468
16409
16463
14
40
84
86
19
35
37
39
53
89
16430
16446
16449
40
19
45
53
69
16430
16444
16464
70
13
21
16386
16397
16405
60
72
78
80
13
16394
16446
16397
16451
18
36
13
21
69
16404
16414
16434
16401
16423
16461
16463
16473
30
60
78
65
16386
16397
16399
50
80
17
35
37
39
53
55
69
16414
16416
16454
16468
16443
16461
16473
60
72
78
80
59
16397
16399
16433
18
13
21
59
16430
16451
16463
18
36
70
13
49
89
16402
16444
16464
16397
16449
4
40
50
17
35
37
53
69
16388
16414
16434
60
78
80
11
16397
2
64
82
13
61
73
79
16388
16424
16437
16453
2
82
13
15
16444
16454
16462
16464
16443
14
30
40
84
39
53
77
89
16444
16462
16464
16470
16449
10
62
13
67
73
16444
16395
16397
16431
20
50
58
80
33
35
37
69
16397
16399
16433
22
24
30
47
55
16448
16466
16445
16463
16465
42
13
59
16424
16401
16419
16421
16449
16453
36
70
86
5
13
59
16448
16466
16397
16429
16431
2
82
11
13
47
16454
16397
16405
32820
32855
49228
32836
32855
49168
49237
32853
49214
49175
49193
32788
32842
49168
32855
49174
49238
49183
49187
32844
32773
49208
49227
32822
32853
49196
49240
32806
32799
32811
49240
49175
32839
49203
32836
49206
49237
32853
49168
32788
32856
32791
49239
32844
32773
49206
49220
32784
32855
49228
49161
32856
32791
49240
32836
32791
49220
49239
32780
32856
49152
49175
49209
32780
32829
49168
32784
49164
49237
32774
32794
32799
49240
49159
32836
49186
49240
32791
49228
49155
32840
49175
32819
32839
49220
32768
32856
49174
49183
49187
32822
32840
32853
49228
49175
32802
32805
49220
49223
32822
32853
49168
32839
49208
49153
32836
32791
49226
49183
49187
32836
32844
49168
49203
32780
32853
49203
49235
32773
32777
32825
49224
49203
32784
32799
49218
49240
32836
32791
49183
49205
32855
49206
32822
32824
32843
49203
32802
32791
16398
16404
16434
16468
16389
16401
16419
16473
20
5
13
17
23
33
69
73
16414
16401
16411
16413
16423
16431
30
48
76
17
19
16398
16404
16454
16468
16397
16401
16407
20
30
86
17
19
29
35
37
53
69
16404
16389
16397
16401
16407
16417
16453
16457
20
30
48
86
17
19
53
55
69
16414
16470
16413
16431
16439
20
30
48
50
70
84
86
17
19
39
59
89
16414
16432
16434
16470
16401
16403
16419
16423
16427
16439
14
20
84
17
69
73
75
89
16394
16412
16430
16401
16437
16453
16457
30
86
17
19
63
16404
16410
16414
16432
16470
16401
16423
16429
20
13
17
23
33
69
73
16420
16401
16407
16437
16453
14
20
36
84
13
17
89
16404
16454
16397
16401
16407
16417
16453
16457
20
30
32
50
70
86
17
19
35
89
16386
16414
16434
16440
16458
16470
16401
16403
16419
16423
16437
16439
16453
20
30
50
70
17
33
39
41
16470
16389
16401
16413
16427
10
46
84
17
39
89
16408
16448
16466
16391
16401
16437
16453
20
24
84
17
57
69
73
75
16454
16401
16431
16437
16443
6
45
53
65
69
73
16390
16414
16430
16429
20
50
70
13
17
23
33
39
16404
16414
16432
16434
16401
16403
16419
16421
16437
16439
16451
16453
20
30
48
64
82
7
17
35
37
57
16404
16420
16468
16397
16401
16407
16417
16457
16473
30
32
50
19
35
53
69
16414
16460
16401
16451
30
48
50
86
17
19
39
55
63
16384
16404
16414
16432
16434
16454
16401
16417
16423
16457
20
84
5
13
17
23
89
16414
16430
16432
16387
16401
16421
16451
16453
16457
30
66
86
19
59
89
16404
16412
16426
16401
16437
16453
30
48
50
70
84
86
17
55
59
89
16386
16458
16470
16401
16403
16413
16431
16439
16453
6
20
17
45
65
83
16386
16404
16428
16470
16401
16431
16457
20
30
86
11
17
19
29
39
47
16430
16401
16429
16467
6
20
26
45
73
16414
16458
16470
16401
16403
16413
16437
16439
20
46
84
17
57
69
73
75
16404
16397
16401
16407
16473
20
36
13
17
89
16416
16443
16473
20
30
48
50
70
17
39
41
16398
16404
16448
16468
16391
16401
16453
16473
30
48
50
84
17
19
35
37
39
53
67
69
73
16404
16448
16466
16468
16391
16401
16441
16453
16457
20
70
5
13
17
23
16386
16404
16448
16466
16391
16401
16403
16437
16453
6
20
30
50
83
16397
16437
16453
16473
14
20
66
84
13
17
23
33
89
16398
16404
16468
16397
16401
16407
16417
16473
20
44
64
82
7
17
57
73
16398
16404
16450
16397
16401
16407
16473
30
64
86
7
11
17
39
16404
16414
16434
16458
16470
16397
16403
16419
16439
20
30
50
70
17
33
39
41
16394
16404
16412
16414
16430
16432
16434
16401
16421
16423
16453
30
15
17
19
37
67
69
16414
16432
16434
16454
16468
16470
16401
16403
16419
16423
16443
16473
14
20
42
62
17
59
69
89
16404
16430
16468
16401
16417
16453
16457
16459
6
30
48
74
86
17
19
55
16404
16414
16434
16470
16423
16425
32790
49206
49177
32772
32780
49220
49223
32784
49220
49223
32772
32769
49206
32784
49173
32784
49223
32855
49168
32840
32853
49168
32836
32784
49168
32799
49168
49173
32784
49168
32784
49168
32784
49206
49224
32784
49186
49224
49237
32784
49168
32802
32836
49206
32784
49223
32840
49168
32839
32855
49237
32806
32789
49168
32836
49168
32784
49168
32790
32822
49168
32822
32853
49173
32789
49168
32806
32789
49173
32784
49168
32840
49239
32822
49223
32784
49190
32784
49177
49183
32784
49220
49223
49168
32784
49168
32836
49168
32784
16390
16432
16395
42
27
75
16394
16404
16424
16391
8
1
75
16384
16414
16418
16393
36
1
16394
16468
16429
16449
18
54
16406
16456
16389
72
86
5
16424
16393
16409
54
1
5
16406
16432
16397
16401
64
82
11
63
16386
16426
16401
32
86
5
39
16428
16440
16448
16466
18
36
13
16394
16440
16411
10
78
39
16460
32
13
17
16410
16428
5
83
16402
16414
16468
24
68
72
16430
16456
16467
28
5
45
16426
16428
18
36
71
16402
16440
16472
72
11
53
16402
16420
16389
16399
16455
72
29
65
16384
16416
16421
16457
6
48
66
84
39
16426
16456
16439
43
45
65
16410
16414
16468
16409
16461
0
20
32
84
13
19
16449
16465
5
47
16384
16404
16416
16424
16397
16421
30
32
34
40
86
16384
16406
16414
16389
16397
60
43
65
83
16411
16429
30
44
46
82
84
16411
16447
22
48
86
5
13
16384
16428
16430
10
48
65
83
16426
16391
36
54
5
13
16438
16421
16427
26
44
46
29
16414
16432
16452
16456
16470
44
5
19
16414
16430
16438
16468
10
84
43
16402
16420
16440
63
79
16392
16428
45
47
53
16386
16410
16414
16418
16432
16453
1
27
16402
28
45
65
16448
16466
16468
16461
16465
24
82
11
75
16406
16470
16387
43
83
16456
16466
16431
18
36
84
15
16386
16414
16468
16453
16465
32803
32835
49168
32782
32803
49183
32803
32857
49166
49241
32777
32783
32853
49168
49239
32784
32808
49226
49209
32835
32853
49185
49219
32835
49193
32791
32825
49241
32825
32855
49183
32857
49187
49219
32803
32853
49183
32835
32853
49201
32835
32853
49222
49187
32853
49173
32838
32803
49209
49239
32803
32853
49183
32803
49183
32783
32835
49210
49237
32842
49183
32791
32809
49175
49209
32821
32853
49222
32835
49222
32835
32853
49187
49219
49222
49187
32835
49166
49241
32809
49168
49239
32799
49201
32838
49175
49193
32799
49168
49239
32821
32835
49237
32780
49207
49241
32825
32855
49218
49241
32835
49201
32825
32855
49187
49209
49211
32803
32853
49201
32799
49219
49223
32842
32854
32823
49222
49187
32825
32855
16404
16432
16391
16417
16421
16423
16471
24
45
16404
16450
16470
16399
16417
16437
16469
20
60
35
37
87
16404
16432
16440
16446
16466
16411
16421
16437
37
65
87
16404
16432
16452
16401
16403
16417
16423
16437
68
15
19
33
39
53
85
16395
16421
16471
48
60
66
1
33
53
16404
16432
16450
16397
16401
16403
16417
16421
16423
16437
16469
20
68
19
33
39
53
85
16446
16397
16437
16471
20
48
66
68
15
19
33
39
53
16404
16432
16450
16401
16403
16417
16423
16437
16469
20
48
66
17
19
33
39
53
55
85
16452
16399
16401
16437
11
37
87
16404
16432
16450
16452
16403
16417
16437
16469
20
68
15
33
55
16412
16391
16397
16471
20
66
19
39
85
16404
16428
16432
16446
16466
16409
16417
16421
16423
16437
16457
2
48
66
68
15
19
16404
16460
16419
16423
16437
16447
20
56
87
16404
16440
16421
16437
16471
20
48
68
33
37
53
71
16386
16414
16411
16457
10
76
16450
16452
16385
16399
16437
20
84
39
43
73
87
16404
16424
16432
16452
16397
16403
16417
16421
16437
20
68
87
16386
16404
16399
16437
16439
16465
6
20
66
19
33
37
53
55
85
16404
16428
16440
16397
16421
16427
48
68
1
33
53
16404
16424
16432
16450
16470
16397
16401
16403
16417
16421
16423
16437
16469
68
15
85
16432
16452
16399
16417
16469
44
46
82
11
15
19
16385
16449
16471
68
37
39
45
65
16404
16424
16440
16417
16421
16423
16437
16451
16457
4
20
68
17
33
16449
16471
2
20
48
56
64
82
19
35
37
39
53
16385
16471
20
11
37
61
73
16404
16428
16440
16448
16399
16417
16423
16437
16439
20
48
1
17
33
39
16404
16412
16414
16432
16391
16397
16403
16417
16423
16451
16471
30
45
87
16404
16432
16450
16452
16417
16439
16469
20
46
66
29
33
37
53
73
16404
16406
16414
16432
16403
16419
16421
16423
16437
16457
16471
20
30
48
68
17
19
33
37
39
16460
16423
16447
16449
2
56
82
27
37
53
16404
16410
16426
16432
16417
16421
16471
26
1
33
37
65
83
87
16404
16432
16440
16448
16466
16399
16403
16411
16437
20
7
13
19
37
53
87
16404
16432
16450
16403
16417
16421
16423
16437
16439
16469
48
66
68
15
16404
16430
16432
16440
16413
16417
16421
16423
16437
66
86
55
85
16404
16406
16387
16449
16471
20
84
17
37
39
87
16404
16408
16450
16423
16437
16447
16469
13
37
53
73
87
16414
16419
16421
16437
16455
16471
1
87
16395
16417
16421
16471
32817
49201
32780
32837
49188
32818
32838
32856
32773
49186
49203
32804
49168
49222
32825
32837
49184
32838
32773
49204
32802
49188
32838
32799
49170
32804
49204
32786
49164
49203
32802
32840
49222
49232
32802
32856
49226
49209
49221
32806
49222
49240
32817
49184
32804
49201
32806
49164
32800
32817
49204
32840
49201
32800
49170
32817
49222
49193
32786
49188
49184
32826
32838
49201
32819
49203
32838
32856
49174
49186
32804
49164
49224
32838
49204
32780
32838
49168
49222
32838
32773
49173
32819
49186
49221
32802
32840
32856
49201
32780
49202
49222
49157
32804
49184
32804
16442
16464
16459
16461
80
29
16422
16395
16459
22
47
16384
16408
16431
16447
4
38
67
16384
16470
16393
16395
38
51
59
16396
16410
28
46
16386
16394
16428
16459
6
42
11
65
16386
16392
16426
16472
0
16
20
76
51
16444
16413
16429
16449
0
22
58
27
16388
16420
16438
16448
16447
8
58
47
16396
16400
16444
16395
16469
63
81
16394
16430
24
42
82
11
16396
16442
16449
4
28
16388
16406
16422
16455
81
16430
16385
80
27
16388
16404
16440
16461
2
64
82
86
81
16412
16446
16435
28
46
7
16388
16415
80
11
45
51
16404
16456
16415
58
1
31
16400
16422
16444
16467
4
36
16442
16446
16462
16449
16467
16469
10
54
58
7
25
16402
16416
22
30
80
75
16430
16462
16393
8
27
16388
16410
16448
4
36
1
16394
16466
16391
2
12
22
16404
16444
16427
24
26
9
47
16390
16408
16438
16472
16395
16431
4
62
86
1
75
16394
16464
16431
65
77
16406
16460
58
82
85
16388
16402
16385
38
76
16396
16399
16445
16451
22
38
56
64
67
16408
16393
38
64
82
19
16396
16449
32
36
16384
16386
16440
16470
22
38
25
51
16386
16393
16451
16453
0
28
16396
16465
4
20
31
16396
16470
16395
16413
16429
16459
0
12
47
16430
16448
16466
12
60
65
83
16428
16442
32789
49202
32842
49166
32816
32803
49220
32836
32809
49166
32836
49166
32836
49169
32836
49202
32785
49202
32820
49169
32836
49236
32816
49187
32825
49220
32825
49169
32791
32801
32817
32819
49169
32785
49166
49187
32785
49173
32836
49200
32785
49220
32836
49169
32782
49169
32836
49165
49187
32836
49236
32834
49218
32785
49200
32785
49166
32842
49206
49175
49201
32842
49202
32816
32803
49222
32852
49166
32832
32856
32791
32817
49166
32785
49169
32834
49169
32785
49202
32785
49220
32803
32836
49166
32785
49220
32836
16470
16395
16403
16421
16431
78
84
16438
16462
16395
16461
10
76
82
16456
16470
16439
16467
10
32
84
7
16410
16444
16470
16431
24
11
35
53
16428
16415
16461
16465
16473
32
76
53
16450
16451
70
7
53
79
16400
16430
16440
16450
16454
16461
26
66
86
55
16437
16471
26
60
65
81
16442
16431
66
78
9
16416
16450
16470
52
56
68
23
59
77
16394
16391
16437
8
11
45
16444
16462
16395
16449
6
7
16391
16421
16443
86
55
16384
16390
16421
16467
64
66
82
16433
16437
45
47
83
16411
16453
66
78
77
16400
16428
16437
16473
37
61
16434
16393
10
48
15
16436
16450
16466
16461
10
89
16400
16450
16452
16454
16461
64
68
70
82
86
63
79
16406
16454
16409
16411
60
70
78
65
77
83
16471
24
70
29
16427
16437
32
1
9
16454
16470
16433
16461
3
25
43
16400
16426
16456
16470
16413
16431
28
64
82
16450
16413
16445
16
60
31
49
16410
16468
16409
16437
76
53
16470
16395
16397
16403
16445
16463
16473
44
52
70
27
77
16460
16439
8
69
16429
16439
3
31
53
16410
16453
11
53
16390
16389
16421
16437
28
46
72
77
16408
16410
16413
46
64
82
86
16400
16442
16393
16461
28
46
77
16400
16454
16470
16433
44
47
77
16408
16425
16459
16461
6
16
50
37
83
16415
16437
10
49
53
16468
16453
32780
32798
49182
49219
49237
32785
49170
49188
49225
32856
49156
49237
32856
49240
32856
49226
49240
32841
49240
32785
49169
32842
49223
32780
32798
49156
49185
32786
32804
32815
49164
49182
32785
49169
32856
49203
32785
49209
32825
49209
32856
49241
32783
49169
32841
49240
32853
49167
32785
49169
32825
49170
49188
49175
32842
49170
49188
32825
49240
32768
32786
32804
49226
32783
49226
49182
49169
32786
32804
32848
32793
49226
32825
49169
32839
49182
32780
32790
32798
49170
49188
49202
49222
32785
49236
49225
32856
49226
32785
49223
32785
49226
32791
32801
32853
49209
32839
49156
49185
49191
32785
32783
16412
16429
16431
10
82
65
16394
16424
16465
24
46
27
16394
16422
16428
16413
38
63
81
16444
16446
16455
56
76
16394
16408
16427
7
71
83
16390
16394
16448
24
56
29
43
16386
16460
16464
6
25
83
16397
16435
16445
5
47
77
16440
16448
16470
16445
16467
38
48
13
16392
16428
16430
16413
16455
60
27
16426
16409
16449
16465
46
29
65
16422
16448
16456
16467
16469
28
40
11
71
83
16422
16444
16456
16470
16451
16469
28
64
11
83
16408
16430
16460
9
45
16410
16430
16409
16455
38
46
78
29
16428
16429
6
9
71
16392
16466
16449
16453
62
9
27
45
69
71
16466
16449
16465
38
64
80
83
16390
16389
16397
44
64
29
83
16444
16455
11
25
16390
16430
16440
16459
78
88
13
53
59
61
16438
16464
16445
16461
16467
82
65
16430
16464
16445
23
16392
16428
16430
16470
16413
58
76
83
16392
16445
16449
28
42
60
5
63
16412
16393
16429
16431
16455
2
47
16422
16460
38
42
83
16391
8
26
44
16412
16448
16429
16467
26
47
16464
16409
26
47
16386
16460
16473
42
7
27
61
16426
16470
16395
0
40
75
16410
16422
16428
6
28
38
16400
16412
2
58
76
16422
16444
16448
16467
13
59
65
77
16392
16408
16413
16427
16449
5
25
53
59
81
16436
16397
16415
80
7
16448
16391
16421
16467
32802
32856
32787
32821
49236
32817
49164
49240
49191
32817
49220
32802
32855
49220
32834
49164
49222
49171
49203
49221
32782
32838
49201
32817
49186
49240
32817
49186
49206
49240
49221
49227
32823
49186
49240
49171
32782
32838
49164
49166
49222
32855
49166
49222
49169
32842
49164
49208
49222
49153
49171
49173
32802
32856
49166
49206
49222
32788
32807
49209
32817
49202
32818
49236
32855
49239
32852
49220
32817
49222
49230
49169
49171
49189
49219
32817
32823
49218
32836
49202
32818
49236
32825
32782
32838
32840
49202
32856
32807
49201
32852
49201
32817
32809
49166
49184
49222
49169
49241
32825
49239
32838
32807
49226
32834
49164
49240
49191
32782
32838
49186
49155
32834
49226
32802
32856
49164
49208
49222
49169
49173
49219
32834
49201
32771
32807
49201
32818
16398
16423
14
36
66
87
16472
16387
16397
16407
16417
16455
14
16
52
66
70
84
16386
16398
16452
16425
16471
16473
72
5
87
16423
16451
16469
66
17
31
33
69
16472
16397
16399
16435
16455
16461
16469
16471
18
38
15
23
51
67
71
85
87
16384
16400
16415
16439
16443
16471
66
88
17
33
16417
16419
16425
38
66
5
49
87
16452
16451
16469
16471
19
35
87
16400
16472
16397
16455
16469
36
13
15
51
71
85
16450
16454
16468
16433
16471
16473
88
17
33
69
16450
16472
16401
20
52
35
16450
16454
16468
16405
16433
15
23
31
51
67
71
77
85
87
16458
16472
16405
16417
16455
16471
36
13
15
71
85
87
16472
16389
16405
16415
66
88
17
16450
16472
16387
16401
16417
88
17
33
16404
16452
16419
3
15
21
31
71
85
16450
16454
16468
18
34
36
13
15
21
71
85
87
16472
16387
16415
16417
66
35
49
16404
16451
16471
66
84
5
16472
16397
16455
16469
16471
0
18
88
33
16403
16469
16471
34
5
15
67
71
16384
16398
16400
16436
16454
16471
14
52
66
70
31
49
89
16432
16423
66
17
33
16422
16450
16460
16468
68
19
85
16399
16415
16435
16451
16461
16469
16471
34
5
13
51
87
16420
16450
16472
16417
12
52
68
19
41
67
85
87
16398
16450
16454
16460
16468
16415
16471
16473
14
52
66
84
5
49
16398
16420
16450
16468
16405
16415
16433
16
52
70
35
16384
16451
16457
16469
16471
14
16
52
66
70
84
87
89
16398
16450
16468
16433
16435
66
70
84
31
59
89
16450
16401
16417
16453
19
35
41
87
16419
16423
41
85
89
16472
16405
16415
16417
16455
16471
34
68
15
31
51
67
85
87
16400
16450
16454
16468
16405
52
67
16400
16402
16472
16397
16399
16405
16455
16469
16471
34
68
15
31
67
85
87
16436
16403
16419
19
85
87
89
16451
5
15
21
51
85
87
16450
16401
16433
32798
49174
32854
49174
49238
32854
49238
32798
49159
49177
49195
49239
32790
49168
49196
49226
49183
49207
49209
32821
49196
49153
49207
32796
32814
32847
49216
49234
49159
32792
32829
32847
49168
49184
49232
49215
32798
49182
49240
49170
49202
49187
49241
49192
32798
49202
49222
32786
32818
49174
32854
32821
49156
49196
32798
32828
32846
32775
32811
49182
49238
32808
49192
32810
32833
32851
49192
32854
49238
32779
32797
32815
49192
49202
32790
49238
32772
32774
32810
32833
49164
49235
32790
49154
49186
49210
49173
49201
49239
32779
32797
32815
49162
49180
49210
32854
49170
49188
49198
49210
32770
32848
32831
49213
49231
32854
49182
32798
49240
49153
49209
32854
49174
49238
32835
49154
49205
32790
49214
49233
49174
32804
32820
32836
32842
32789
32817
32823
49156
49196
49228
32806
32818
49182
32774
32833
32851
49174
49192
32854
49192
32854
49230
49159
49177
49195
32854
32821
16398
16452
16468
16471
58
82
5
16386
16408
16417
16
29
16426
16409
46
27
16397
16409
16411
6
84
33
61
79
16390
16445
16463
12
48
86
88
16411
16429
88
3
15
16396
16453
66
45
51
16444
16462
16391
78
80
16400
16412
16397
24
61
79
16444
16462
16389
16391
78
7
16430
16411
16
24
26
66
16400
16444
48
66
45
16386
16450
16417
25
51
16400
16444
16462
22
86
19
16396
16453
46
52
66
16390
16446
16445
18
66
73
89
16449
16465
24
66
43
16450
16463
16471
16473
66
25
37
16396
16450
16403
16419
15
79
16472
16399
16435
16437
88
69
16472
16397
16435
6
61
79
81
16412
16473
64
86
69
16432
16450
16409
19
25
16404
16408
16428
26
82
79
16428
16444
16468
16391
14
16
16444
16399
16449
16
50
16390
16445
16465
24
64
43
16398
16400
16454
16468
16473
60
7
63
16390
16460
16393
14
60
78
7
16430
16423
16463
46
29
16472
16399
16427
16431
24
84
43
16411
16467
16
87
89
16384
16411
16419
70
78
7
43
16391
16467
58
84
45
16472
16399
16435
6
66
61
79
16462
16464
88
13
15
51
16408
16447
2
66
51
16410
16412
32788
32816
32843
49184
49201
32806
32809
32817
49208
49171
49191
32806
32842
32809
32817
49206
49208
32808
32787
32821
49190
49226
49201
32772
32786
32799
49239
32790
32808
32805
49226
49183
49193
32772
32799
49193
49201
32853
49189
49227
32800
32817
49201
32817
49156
32853
49237
32807
32843
49201
32853
49206
49224
32843
49192
49224
32791
32801
32803
49219
32785
32805
32845
49172
49171
32853
32788
32834
32807
32815
49208
49171
49189
49192
49189
49229
32772
32800
49226
49171
49191
32835
49184
49226
49207
49219
32835
49224
49227
32772
32799
49156
32802
32822
49193
49201
49225
32785
32809
49219
32772
49226
49183
49201
32840
49170
49190
49204
32806
32789
32817
32825
49183
49193
49201
32835
49187
49193
32808
32824
32787
49172
49185
49187
49191
32806
32809
32817
49204
49226
49201
49209
32842
32791
32823
32831
49156
32796
32808
32834
32787
49165
49169
49187
49229
32835
49219
32785
32803
32823
32825
49156
49183
32800
32807
49208
49227
32791
32809
32831
32841
